0.493533   -0.498878   -0.475734
-0.336681   -0.339242   -0.488715
0.498401   -0.331733   -0.338118
-0.326299   -0.492394   -0.333816
-0.156147   0.499684   0.486065
-0.00446643   -0.30685   0.496854
-0.157935   -0.338169   -0.337057
-0.00178446   -0.489053   -0.335923
0.181656   0.490324   -0.47683
0.32292   -0.330719   -0.485515
0.165426   -0.335624   -0.334238
0.341649   -0.47827   -0.325454
0.485543   -0.169766   -0.495556
-0.341696   -0.00379751   0.490889
0.487114   0.0023567   -0.358307
-0.33585   -0.190381   -0.345336
-0.1761   -0.16572   -0.494068
-0.0147897   -0.00847652   -0.489824
-0.173531   -0.00426654   -0.326224
-0.00149616   -0.156566   -0.333043
0.148495   -0.15729   0.494118
0.332865   -0.00380799   0.496153
0.159224   0.00978612   -0.339989
0.31417   -0.15687   -0.32826
-0.493028   0.161684   0.488916
-0.332547   0.339104   0.484654
-0.48184   0.323265   -0.328064
-0.345498   0.145393   -0.339666
-0.16642   0.168598   0.495836
-0.0048738   0.327956   -0.495509
-0.164917   0.312144   -0.318453
0.00161945   0.175742   -0.335483
0.173623   0.159574   0.488032
0.353125   0.326775   -0.493099
0.180057   0.336629   -0.327213
0.334195   0.15496   -0.325829
0.49906   -0.48775   -0.172273
-0.318483   -0.320833   -0.169638
-0.497325   -0.338049   -0.00679631
-0.328122   -0.494408   -0.00449602
-0.156061   -0.489008   -0.162557
0.00178061   -0.330555   -0.173868
-0.161699   -0.330828   0.00408024
0.00157502   0.490061   -0.00830482
0.170942   -0.492489   -0.177863
0.36612   -0.31952   -0.172358
0.184806   -0.319652   0.000189692
0.334599   -0.49587   -0.00835592
0.495265   -0.146858   -0.177472
-0.340107   0.010108   -0.181832
-0.494986   0.0210421   0.00422867
-0.34843   -0.171702   -0.00966859
-0.167652   -0.159627   -0.187252
0.0148648   -0.0109057   -0.161743
-0.17963   -0.0225842   -0.00110764
-0.0048589   -0.168696   0.015881
0.16331   -0.159344   -0.164152
0.329629   -0.0126773   -0.164564
0.175444   -0.00611736   -0.00607668
0.341149   -0.169188   0.0194771
-0.497457   0.184224   -0.172614
-0.328063   0.347028   -0.174081
-0.493683   0.333909   -0.00134147
-0.317616   0.163881   -0.00546917
-0.148617   0.152853   -0.154706
-0.00565187   0.340514   -0.171201
-0.151494   0.33483   0.00314728
-0.000459464   0.167653   -0.00255064
0.171625   0.154288   -0.179474
0.33956   0.335129   -0.180099
0.164912   0.345455   -0.0113504
0.337634   0.168721   -0.0106022
0.473701   -0.486712   0.159621
-0.360024   -0.330632   0.172518
0.491389   -0.351329   0.353074
-0.33654   -0.49535   0.330433
-0.166336   -0.490013   0.170005
-0.0103977   -0.335938   0.174168
-0.175228   -0.334438   0.343072
0.0147798   -0.49556   0.352583
0.161924   0.497594   0.167937
0.320268   -0.337354   0.196338
0.165069   -0.332654   0.363679
0.325682   0.474286   0.327158
-0.499691   -0.188935   0.19753
-0.348124   -0.00964732   0.159299
0.488454   -0.0149225   0.336194
-0.338603   -0.176994   0.360921
-0.16856   -0.173363   0.163143
-0.00394016   -0.0109361   0.17104
-0.152246   0.00292394   0.327946
-0.0112156   -0.159811   0.325556
0.159673   -0.182441   0.16127
0.347445   0.0144412   0.160816
0.166375   -0.00671733   0.315086
0.337511   -0.165628   0.339143
-0.487093   0.175458   0.163798
-0.353972   0.366636   0.169028
-0.499918   0.323687   0.326745
-0.330905   0.180039   0.321056
-0.175802   0.160498   0.159286
0.0110708   0.337704   0.170228
-0.157093   0.335865   0.329842
-0.00135781   0.166026   0.325166
0.18442   0.159228   0.166874
0.332936   0.317995   0.167217
0.150292   0.335824   0.350468
0.336458   0.152033   0.332428
