  0.5  0.02831732  0.0367171987094
  0.55  -0.00225546  0.0194990676459
  0.6  -0.00320888  0.0118158489094
  0.65  0.01736112  0.00861916175602
  0.7  -0.01668028  0.00576912261316
  0.75  0.00206342  0.00515840761386
  0.8  0.00306174  0.00379737364148
  0.85  -0.00502866  0.00312974633915
  0.9  -0.00020932  0.00158254185438
  0.95  0.00401536  0.00271232515004
  1  0.00135636  0.00195307329446
  1.05  -0.00016154  0.00170470130974
  1.1  -0.00035106  0.0021549146404
  1.15  -0.00056864  0.00160434700097
  1.2  -0.0012125  0.0011343521749
  1.25  -9.186e-05  0.00105805507428
  1.3  -0.00201552  0.000910835852434
  1.35  0.00106934  0.000843274105508
  1.4  -0.00075952  0.000781225477618
  1.45  0.00034448  0.000680126952032
  1.5  -0.00124472  0.000831668543399
  1.55  -0.00169524  0.000614724404526
  1.6  0.00074602  0.000883733547389
  1.65  -0.00016804  0.000487803757181
  1.7  -0.00098692  0.000517757928071
  1.75  -0.00036672  0.000589811576421
  1.8  0.00053666  0.000392313588115
  1.85  -9.18e-06  0.000396354672963
  1.9  -0.00025424  0.000460341997563
  1.95  -5.956e-05  0.000460216349905
  2  9.684e-05  0.00036865268956
  2.05  0.00062332  0.000421685478147
