  1  -0.9662192  -0.9662192  0
  2  -0.9744776  -0.9703484  0.00291978532087
  3  -0.9724392  -0.971045333333  0.00202799522534
  4  -0.973928  -0.971766  0.00164406521768
  5  -0.9749208  -0.97239696  0.00143121511271
  6  -0.9713696  -0.972225733333  0.00120287819893
  7  -0.9732144  -0.972366971429  0.00103929724092
  8  -0.978168  -0.9730921  0.00113448942204
  9  -0.9709848  -0.972857955556  0.00103231455528
  10  -0.9743944  -0.9730116  0.00094044742544
  11  -0.9779224  -0.973458036364  0.000955054984982
  12  -0.976548  -0.973715533333  0.000909517393191
  13  -0.9719864  -0.973582523077  0.000849224712787
  14  -0.9729224  -0.973535371429  0.000789873724573
  15  -0.9741656  -0.973577386667  0.000738332075232
  16  -0.9740768  -0.9736086  0.000692845785508
  17  -0.9741176  -0.973638541176  0.000652736781086
  18  -0.9752152  -0.973726133333  0.000622322966437
  19  -0.9770896  -0.973903157895  0.000614231306108
  20  -0.9761664  -0.97401632  0.00059385239485
  1  -0.9578232  -0.9578232  0
  2  -0.9564768  -0.95715  0.000476024285061
  3  -0.9557104  -0.956670133333  0.000504207693786
  4  -0.956648  -0.9566646  0.000378186131406
  5  -0.9562024  -0.95657216  0.000313643050046
  6  -0.9553336  -0.956365733333  0.000322217065021
  7  -0.9556912  -0.956269371429  0.000290237553455
  8  -0.9551256  -0.9561264  0.000287019720594
  9  -0.957616  -0.956291911111  0.000299066516555
  10  -0.9542544  -0.95608816  0.000331376065259
  11  -0.955804  -0.956062327273  0.000302256198293
  12  -0.958208  -0.956241133333  0.000325690165702
  13  -0.9571016  -0.956307323077  0.000307289321869
  14  -0.9535608  -0.956111142857  0.000342281454405
  15  -0.9552296  -0.956052373333  0.000324468812994
  16  -0.9555568  -0.9560214  0.000305664272511
  17  -0.9579288  -0.9561336  0.000307588062237
  18  -0.9546728  -0.956052444444  0.000301015743596
  19  -0.9544608  -0.955968673684  0.000296600282286
  20  -0.9543304  -0.95588676  0.000292863181546
  1  -0.9365072  -0.9365072  0
  2  -0.9402392  -0.9383732  0.00131946125373
  3  -0.9341296  -0.936958666667  0.0014517935003
  4  -0.9348672  -0.9364358  0.00117924801042
  5  -0.9349104  -0.93613072  0.000982069041363
  6  -0.9339504  -0.935767333333  0.000883065779224
  7  -0.9379768  -0.936082971429  0.000811364902376
  8  -0.9331864  -0.9357209  0.000786593699919
  9  -0.934  -0.935529688889  0.000722061000216
  10  -0.9325616  -0.93523288  0.000708235381898
  11  -0.937724  -0.935459345455  0.000679093110932
  12  -0.933844  -0.935324733333  0.000635703665826
  13  -0.9354456  -0.935334030769  0.000586871369384
  14  -0.9360488  -0.935385085714  0.00054716824474
  15  -0.9318136  -0.935146986667  0.000560103911462
  16  -0.9348408  -0.93512785  0.000525424229647
  17  -0.9340448  -0.935064141176  0.000498364371295
  18  -0.937796  -0.935215911111  0.000493246097966
  19  -0.9370352  -0.935311663158  0.00047648914114
  20  -0.9331544  -0.9352038  0.000464712872656
  1  -0.9170712  -0.9170712  0
  2  -0.91144  -0.9142556  0.00199092985312
  3  -0.9137136  -0.914074933333  0.0013354586972
  4  -0.9126144  -0.9137098  0.00105032487834
  5  -0.9115896  -0.91328576  0.000921891881571
  6  -0.9145848  -0.913502266667  0.000793259277585
  7  -0.9140664  -0.913582857143  0.000684018032589
  8  -0.9146184  -0.9137123  0.000610640777162
  9  -0.9136832  -0.913709066667  0.000542800362097
  10  -0.9161352  -0.91395168  0.000540025198835
  11  -0.9114608  -0.913725236364  0.000536310943374
  12  -0.9115696  -0.9135456  0.000520834654941
  13  -0.9140664  -0.913585661538  0.000482308715698
  14  -0.9138248  -0.913602742857  0.000448160464815
  15  -0.9128432  -0.913552106667  0.000421133994167
  16  -0.91264  -0.9134951  0.000398652793033
  17  -0.914416  -0.913549270588  0.000378865214019
  18  -0.9133336  -0.913537288889  0.00035800655843
  19  -0.911968  -0.913454694737  0.00034856139244
  20  -0.9155016  -0.91355704  0.000345832477845
  1  -0.8916096  -0.8916096  0
  2  -0.8920264  -0.891818  0.000147361053262
  3  -0.8908744  -0.891503466667  0.000274964326226
  4  -0.893116  -0.8919066  0.000405481676524
  5  -0.8910656  -0.8917384  0.000357573547124
  6  -0.8932784  -0.891995066667  0.000379063332934
  7  -0.8915928  -0.8919376  0.00032923863684
  8  -0.8914648  -0.8918785  0.000293340226957
  9  -0.8910896  -0.891790844444  0.000273530078758
  10  -0.8943488  -0.89204664  0.000345675252018
  11  -0.889512  -0.891816218182  0.000383432750361
  12  -0.8926432  -0.891885133333  0.000357619530424
  13  -0.8920048  -0.891894338462  0.000330228784527
  14  -0.8927  -0.891951885714  0.000311614904757
  15  -0.891056  -0.89189216  0.000296509008119
  16  -0.8918688  -0.8918907  0.000277980789579
  17  -0.8934304  -0.891981270588  0.000275989533402
  18  -0.8911568  -0.891935466667  0.000264430333893
  19  -0.8935064  -0.892018147368  0.000263121722508
  20  -0.8951  -0.89217224  0.000291616411609
  1  -0.8704208  -0.8704208  0
  2  -0.870164  -0.8702924  9.07925104154e-05
  3  -0.868816  -0.869800266667  0.000406358411293
  4  -0.869332  -0.8696832  0.000321189165364
  5  -0.869344  -0.86961536  0.000264018559278
  6  -0.8702576  -0.8697224  0.000240737976429
  7  -0.8716048  -0.869991314286  0.000323362352739
  8  -0.8692856  -0.8699031  0.000294729110738
  9  -0.871124  -0.870038755556  0.000291533850403
  10  -0.8713272  -0.8701676  0.000289455195843
  11  -0.8685128  -0.870017163636  0.000299694775626
  12  -0.8694976  -0.869973866667  0.000277830169258
  13  -0.8701216  -0.869985230769  0.000256690925805
  14  -0.8690248  -0.869916628571  0.000247353220817
  15  -0.8697776  -0.86990736  0.000231036592112
  16  -0.87172  -0.87002065  0.000242789283302
  17  -0.871244  -0.870092611765  0.000238934266075
  18  -0.8701264  -0.870094488889  0.000225667513634
  19  -0.8709024  -0.870137010526  0.000217759521457
  20  -0.869748  -0.87011756  0.000207738400669
  1  -0.8487248  -0.8487248  0
  2  -0.8473912  -0.848058  0.000471498801709
  3  -0.8477656  -0.847960533333  0.000324250072783
  4  -0.8477064  -0.847897  0.000249334213561
  5  -0.8494872  -0.84821504  0.000347428820544
  6  -0.8482544  -0.8482216  0.000289585941994
  7  -0.8473512  -0.848097257143  0.000273612595824
  8  -0.8469368  -0.8479522  0.000275189053204
  9  -0.8483936  -0.848001244444  0.000248944505282
  10  -0.8488248  -0.8480836  0.000237281732942
  11  -0.8500176  -0.848259418182  0.000273190299604
  12  -0.8506304  -0.848457  0.000313843529667
  13  -0.8477672  -0.848403938462  0.000294153079638
  14  -0.8476808  -0.848352285714  0.000277640173598
  15  -0.8468288  -0.84825072  0.000277086041516
  16  -0.8490096  -0.84829815  0.000263796329714
  17  -0.8490456  -0.848342117647  0.000251916356184
  18  -0.8488688  -0.848371377778  0.000239614262453
  19  -0.848624  -0.848384673684  0.000227371573128
  20  -0.8476984  -0.84835036  0.000218576876872
  1  -0.8271816  -0.8271816  0
  2  -0.8278208  -0.8275012  0.000225991327288
  3  -0.826252  -0.8270848  0.000371875439032
  4  -0.8248744  -0.8265322  0.000553907889451
  5  -0.8265312  -0.826532  0.000443126347674
  6  -0.8277624  -0.826737066667  0.000414011343522
  7  -0.826728  -0.826735771429  0.000354868891924
  8  -0.8265032  -0.8267067  0.000311698794861
  9  -0.8268632  -0.826724088889  0.000277550212689
  10  -0.8235584  -0.82640752  0.000390630148527
  11  -0.8259752  -0.826368218182  0.00035708994762
  12  -0.8265496  -0.826383333333  0.000327652198164
  13  -0.8246944  -0.826253415385  0.000327192935814
  14  -0.8275624  -0.826346914286  0.000316899712251
  15  -0.8270672  -0.826394933333  0.000299389066022
  16  -0.8263104  -0.82638965  0.000280723863141
  17  -0.8253368  -0.826327717647  0.000270956238257
  18  -0.8277272  -0.826405466667  0.000266824821598
  19  -0.8268168  -0.826427115789  0.00025365815209
  20  -0.826328  -0.82642216  0.00024102365094
  1  -0.8037784  -0.8037784  0
  2  -0.8036408  -0.8037096  4.86489464085e-05
  3  -0.8068072  -0.804742133333  0.000843683549563
  4  -0.8033152  -0.8043854  0.000704153811293
  5  -0.8043376  -0.80437584  0.000563387941332
  6  -0.8029952  -0.804145733333  0.000514339426765
  7  -0.805792  -0.804380914286  0.000491699365316
  8  -0.8036488  -0.8042894  0.000438670531258
  9  -0.8069424  -0.804584177778  0.000478836050128
  10  -0.8036696  -0.80449272  0.000439599911905
  11  -0.8053064  -0.804566690909  0.00040581205957
  12  -0.8044456  -0.8045566  0.000372119826914
  13  -0.8032256  -0.804454215385  0.000357302706924
  14  -0.8043096  -0.804443885714  0.0003319303675
  15  -0.8040784  -0.80441952  0.000310694685335
  16  -0.804936  -0.8044518  0.000292948352977
  17  -0.8040216  -0.804426494118  0.000276806943409
  18  -0.8032832  -0.804362977778  0.000268617205683
  19  -0.804856  -0.804388926316  0.00025572970678
  20  -0.8051512  -0.80442704  0.000245767022034
  1  -0.7826064  -0.7826064  0
  2  -0.7828632  -0.7827348  9.07925107211e-05
  3  -0.7840472  -0.783172266667  0.000362282214524
  4  -0.783904  -0.7833552  0.000314524530015
  5  -0.7825736  -0.78319888  0.000287856195192
  6  -0.7834288  -0.7832372  0.000242417362777
  7  -0.7821688  -0.783084571429  0.000251282124284
  8  -0.7825672  -0.7830199  0.000228042164415
  9  -0.7823136  -0.782941422222  0.000215785601052
  10  -0.7829184  -0.78293912  0.000194219321807
  11  -0.7843848  -0.783070545455  0.000216510759876
  12  -0.782356  -0.783011  0.000206494102695
  13  -0.7820424  -0.782936492308  0.00020360873096
  14  -0.7845984  -0.7830552  0.000220976578342
  15  -0.783152  -0.783061653333  0.000206339015515
  16  -0.7809496  -0.78292965  0.000231853299213
  17  -0.780752  -0.782801552941  0.000251120208366
  18  -0.7830032  -0.782812755556  0.000237418831679
  19  -0.7831184  -0.782828842105  0.000225467425147
  20  -0.7816976  -0.78277228  0.000221175045802
  1  -0.762704  -0.762704  0
  2  -0.7609056  -0.7618048  0.000635830417598
  3  -0.7619536  -0.7618544  0.000425817154292
  4  -0.7608104  -0.7615934  0.000391258725132
  5  -0.7620512  -0.76168496  0.000323542820166
  6  -0.7611896  -0.7616024  0.000279954535966
  7  -0.7603024  -0.761416685714  0.000295201589666
  8  -0.7629688  -0.7616107  0.000315683320353
  9  -0.7614744  -0.761595555556  0.000280970427283
  10  -0.7614208  -0.76157808  0.000253416266594
  11  -0.7606088  -0.761489963636  0.000245220000839
  12  -0.7618088  -0.761516533333  0.000226219840627
  13  -0.762496  -0.761591876923  0.000221009228465
  14  -0.7629272  -0.761687257143  0.000224864388533
  15  -0.7631192  -0.76178272  0.000229243254237
  16  -0.761616  -0.7617723  0.000215152235334
  17  -0.7604248  -0.761693035294  0.000216605704778
  18  -0.7613712  -0.761675155556  0.000205308670681
  19  -0.7605568  -0.761616294737  0.000202765003977
  20  -0.7617952  -0.76162524  0.000192823969266
  1  -0.7405792  -0.7405792  0
  2  -0.7407384  -0.7406588  5.62856994718e-05
  3  -0.7400888  -0.7404688  0.000159607964202
  4  -0.7396088  -0.7402538  0.000221355528499
  5  -0.742392  -0.74068144  0.000421496937697
  6  -0.7404352  -0.7406404  0.000353239773744
  7  -0.7403696  -0.740601714286  0.000304887958965
  8  -0.7409848  -0.7406496  0.000270511293663
  9  -0.7391808  -0.7404864  0.000285470206025
  10  -0.7409192  -0.74052968  0.000260183331031
  11  -0.7400904  -0.740489745455  0.000239575399992
  12  -0.7399968  -0.740448666667  0.000223104775256
  13  -0.7390216  -0.740338892308  0.0002313783066
  14  -0.7406792  -0.7403632  0.000216124348176
  15  -0.7402416  -0.740355093333  0.000201868038642
  16  -0.740756  -0.74038015  0.000190800015976
  17  -0.7411808  -0.740427247059  0.000185298053771
  18  -0.7409424  -0.740455866667  0.000177200108686
  19  -0.7403976  -0.7404528  0.000167900321312
  20  -0.7410432  -0.74048232  0.000162079614031
  1  -0.7212856  -0.7212856  0
  2  -0.72216  -0.7217228  0.000309147084627
  3  -0.7204056  -0.721283733333  0.000413516747815
  4  -0.7200624  -0.7209784  0.000407561823529
  5  -0.7203728  -0.72085728  0.000343575745856
  6  -0.7194376  -0.720620666667  0.000358650379615
  7  -0.7197424  -0.7204952  0.00032862864593
  8  -0.7207008  -0.7205209  0.000288553233786
  9  -0.7203272  -0.720499377778  0.000257293146818
  10  -0.72038  -0.72048744  0.000231840608673
  11  -0.7212696  -0.720558545455  0.000221399851533
  12  -0.7208816  -0.720585466667  0.00020458006494
  13  -0.7197152  -0.720518523077  0.000199495483826
  14  -0.7217208  -0.7206044  0.000202889329443
  15  -0.7199408  -0.72056016  0.000194126728103
  16  -0.721856  -0.72064115  0.000198169535602
  17  -0.7208792  -0.720655152941  0.00018700658356
  18  -0.7198576  -0.720610844444  0.000181790689272
  19  -0.7212368  -0.720643789474  0.000175182557397
  20  -0.7198584  -0.72060452  0.000170768102642
  1  -0.7004264  -0.7004264  0
  2  -0.7007952  -0.7006108  0.000130390490589
  3  -0.701468  -0.700896533333  0.000248968527017
  4  -0.701064  -0.7009384  0.000190213984851
  5  -0.7021456  -0.70117984  0.000264179274936
  6  -0.7010832  -0.701163733333  0.000220639850679
  7  -0.6992336  -0.700888  0.000317701006925
  8  -0.7017192  -0.7009919  0.000294488282866
  9  -0.6998272  -0.700862488889  0.000288805442857
  10  -0.7012544  -0.70090168  0.000262570565289
  11  -0.7015256  -0.7009584  0.000244750127262
  12  -0.7009384  -0.700956733333  0.000224359957973
  13  -0.7017888  -0.701020738462  0.000216038330378
  14  -0.7014544  -0.701051714286  0.00020281553875
  15  -0.6999704  -0.700979626667  0.000201699261183
  16  -0.7012344  -0.70099555  0.000189720557271
  17  -0.701784  -0.701041929412  0.000184142277608
  18  -0.7011608  -0.701048533333  0.000174030529475
  19  -0.7016336  -0.701079326316  0.000167573142081
  20  -0.6998664  -0.70101868  0.000169814489631
  1  -0.6833224  -0.6833224  0
  2  -0.6815568  -0.6824396  0.000624233866421
  3  -0.6820224  -0.682300533333  0.000431368482195
  4  -0.6814616  -0.6820908  0.000371026090746
  5  -0.682352  -0.68214304  0.00030047602979
  6  -0.682336  -0.6821752  0.000252111862254
  7  -0.6829168  -0.682281142857  0.000237313940714
  8  -0.682684  -0.6823315  0.000212925476944
  9  -0.6819248  -0.682286311111  0.000194003026865
  10  -0.6824896  -0.68230664  0.00017566459129
  11  -0.682424  -0.682317309091  0.000160018751715
  12  -0.6829024  -0.682366066667  0.000153932927899
  13  -0.6828056  -0.682399876923  0.000145757736131
  14  -0.6833056  -0.682464571429  0.000149013724669
  15  -0.6809216  -0.682361706667  0.000170935219805
  16  -0.6823912  -0.68236355  0.000160261707349
  17  -0.6820248  -0.682343623529  0.000152068301794
  18  -0.6811376  -0.682276622222  0.000157691150618
  19  -0.6814056  -0.682230778947  0.000155912956664
  20  -0.6812128  -0.68217988  0.000156204689064
  1  -0.6639016  -0.6639016  0
  2  -0.6638832  -0.6638924  6.50538304857e-06
  3  -0.6647736  -0.664186133333  0.000239871471785
  4  -0.6632096  -0.663942  0.000277607852889
  5  -0.6640432  -0.66396224  0.00022282289574
  6  -0.6634664  -0.6638796  0.000200425392004
  7  -0.6653504  -0.664089714286  0.000259526598325
  8  -0.6636888  -0.6640396  0.000231873801841
  9  -0.665076  -0.664154755556  0.000232956499443
  10  -0.6646584  -0.66420512  0.000215036255885
  11  -0.6636376  -0.664153527273  0.000201581724284
  12  -0.6643992  -0.664174  0.000185819948673
  13  -0.6635464  -0.664125723077  0.000177686760516
  14  -0.6640032  -0.664116971429  0.000165210231993
  15  -0.6650312  -0.66417792  0.000165056211611
  16  -0.663656  -0.6641453  0.000157930647363
  17  -0.6643776  -0.664158964706  0.000149230597192
  18  -0.6646632  -0.664186977778  0.000143545191321
  19  -0.6649184  -0.664225473684  0.000141057674873
  20  -0.6644408  -0.66423624  0.00013441503607
  1  -0.6464976  -0.6464976  0
  2  -0.6460288  -0.6462632  0.000165745829553
  3  -0.6463728  -0.646299733333  0.000114452720499
  4  -0.646772  -0.6464178  0.000133503670477
  5  -0.64644  -0.64642224  0.000106876742569
  6  -0.6462336  -0.6463908  9.35741181235e-05
  7  -0.6468664  -0.646458742857  0.000101930538365
  8  -0.6469528  -0.6465205  0.000106263440346
  9  -0.6473016  -0.646607288889  0.000124969586936
  10  -0.647492  -0.64669576  0.000140337150706
  11  -0.6464376  -0.646672290909  0.000129526773488
  12  -0.646976  -0.6466976  0.000121180306455
  13  -0.64698  -0.646719323077  0.000113789153206
  14  -0.646608  -0.646711371429  0.000105938824991
  15  -0.6460464  -0.64666704  0.000107753270773
  16  -0.6464416  -0.64665295  0.000101935744967
  17  -0.6460656  -0.6466184  0.000101626163458
  18  -0.6470312  -0.646641333333  9.85339047014e-05
  19  -0.6462528  -0.646620884211  9.54462681227e-05
  20  -0.647024  -0.64664104  9.27777404513e-05
  1  -0.629112  -0.629112  0
  2  -0.6310296  -0.6300708  0.000677973981804
  3  -0.6298784  -0.630006666667  0.00045500590799
  4  -0.6298616  -0.6299704  0.000342696717236
  5  -0.6288352  -0.62974336  0.000341174434692
  6  -0.6308536  -0.6299284  0.000330706059505
  7  -0.6302896  -0.62998  0.000287459719975
  8  -0.6286456  -0.6298132  0.000295990574154
  9  -0.630292  -0.6298664  0.000267841028937
  10  -0.6294296  -0.62982272  0.000244592701772
  11  -0.6303792  -0.629873309091  0.000227528531481
  12  -0.629004  -0.629800866667  0.00021979789623
  13  -0.6304624  -0.629851753846  0.000208697898529
  14  -0.630536  -0.629900628571  0.000199431767115
  15  -0.6300768  -0.629912373333  0.000186481826467
  16  -0.6305024  -0.62994925  0.000178435632228
  17  -0.6300112  -0.629952894118  0.000167976625604
  18  -0.6300672  -0.629959244444  0.00015876458197
  19  -0.6288936  -0.629903157895  0.00016000896899
  20  -0.6282368  -0.62981984  0.000172340849267
  1  -0.6138064  -0.6138064  0
  2  -0.6134984  -0.6136524  0.000108894444424
  3  -0.612804  -0.6133696  0.000242048443352
  4  -0.6134064  -0.6133788  0.000181711089411
  5  -0.6134392  -0.61339088  0.000145769852514
  6  -0.613  -0.613325733333  0.000135251195629
  7  -0.6124064  -0.6131944  0.000168000155471
  8  -0.6132472  -0.613201  0.000147129721695
  9  -0.6138832  -0.6132768  0.000149034091728
  10  -0.6134536  -0.61329448  0.00013517530899
  11  -0.6132872  -0.613293818182  0.000122888264678
  12  -0.61338  -0.613301  0.00011285724021
  13  -0.6144664  -0.613390646154  0.000135169770377
  14  -0.6132752  -0.6133824  0.000125766067262
  15  -0.6130296  -0.61335888  0.00011956072011
  16  -0.612888  -0.61332945  0.000115653582277
  17  -0.6126008  -0.613286588235  0.000116522446501
  18  -0.6135744  -0.613302577778  0.000111140628163
  19  -0.6133208  -0.613303536842  0.00010529525934
  20  -0.6128664  -0.61328168  0.000102273826949
  1  -0.5991088  -0.5991088  0
  2  -0.5968904  -0.5979996  0.000784322841692
  3  -0.5968824  -0.5976272  0.000604863606308
  4  -0.5981672  -0.5977622  0.000468470906233
  5  -0.5977512  -0.59776  0.000374781890679
  6  -0.5980976  -0.597816266667  0.000316513768913
  7  -0.5982568  -0.5978792  0.000277483596126
  8  -0.5964336  -0.5976985  0.000295840951772
  9  -0.5968376  -0.597602844444  0.000278004319667
  10  -0.5966672  -0.59750928  0.000265482316116
  11  -0.5981384  -0.597566472727  0.000247431381298
  12  -0.5966216  -0.597487733333  0.000239012474498
  13  -0.5976536  -0.597500492308  0.000220967187171
  14  -0.598236  -0.597553028571  0.000211336959772
  15  -0.599132  -0.597658293333  0.00022192040205
  16  -0.5974712  -0.5976466  0.000208358219198
  17  -0.5967112  -0.597591576471  0.000203237379005
  18  -0.598372  -0.597634933333  0.000196516688606
  19  -0.598308  -0.597670357895  0.000189339643604
  20  -0.5981328  -0.59769348  0.000181278996264
  1  -0.5821184  -0.5821184  0
  2  -0.5828024  -0.5824604  0.000241830519151
  3  -0.5815456  -0.582155466667  0.000296616854716
  4  -0.58276  -0.5823066  0.000258109647249
  5  -0.5826864  -0.58238256  0.000217377815971
  6  -0.5836008  -0.5825856  0.000259169888501
  7  -0.5822816  -0.582542171429  0.000225754916473
  8  -0.5825416  -0.5825421  0.000197535563234
  9  -0.5830248  -0.582595733333  0.000182723213732
  10  -0.583656  -0.58270176  0.000192773402322
  11  -0.5830664  -0.582734909091  0.000178075880128
  12  -0.582784  -0.582739  0.000163283206594
  13  -0.5827848  -0.582742523077  0.00015076096298
  14  -0.5826224  -0.582733942857  0.000140236272113
  15  -0.5828432  -0.582741226667  0.000131076209752
  16  -0.5824336  -0.582722  0.000124286061205
  17  -0.583492  -0.582767294118  0.00012495621284
  18  -0.5825616  -0.582755866667  0.000118535578888
  19  -0.5828592  -0.582761305263  0.00011242156062
  20  -0.5827952  -0.582763  0.000106813255777
  1  -0.5684672  -0.5684672  0
  2  -0.5684928  -0.56848  9.05096825307e-06
  3  -0.5667584  -0.567906133333  0.000468599021494
  4  -0.5677  -0.5678546  0.000354271576625
  5  -0.5690456  -0.5680928  0.000354565559538
  6  -0.5680408  -0.568084133333  0.000295577200547
  7  -0.5674856  -0.567998628571  0.000265431356065
  8  -0.5689272  -0.5681147  0.00025637803875
  9  -0.567864  -0.568086844444  0.000229399856367
  10  -0.5681472  -0.56809288  0.00020653925379
  11  -0.5677872  -0.568065090909  0.000189623202498
  12  -0.56934  -0.568171333333  0.000201396785434
  13  -0.5673352  -0.568107015385  0.000195905972429
  14  -0.56868  -0.568147942857  0.000186138758218
  15  -0.5688424  -0.56819424  0.000179394738625
  16  -0.5682504  -0.56819775  0.000168216901927
  17  -0.5695408  -0.568276752941  0.000175898007187
  18  -0.5683048  -0.568278311111  0.000166132796968
  19  -0.5690384  -0.568318315789  0.000162133989455
  20  -0.57016  -0.5684104  0.000178269270477
  1  -0.5550504  -0.5550504  0
  2  -0.5553488  -0.5551996  0.000105500331748
  3  -0.5551936  -0.5551976  7.03525093379e-05
  4  -0.5541808  -0.5549434  0.000226378687205
  5  -0.5554928  -0.55505328  0.000206051376931
  6  -0.5546552  -0.554986933333  0.000182077948304
  7  -0.5548184  -0.554962857143  0.000157650575741
  8  -0.5550064  -0.5549683  0.000138038178629
  9  -0.5555528  -0.555033244444  0.000137129780044
  10  -0.5545736  -0.55498728  0.000130893713259
  11  -0.5537496  -0.554874763636  0.000160214446815
  12  -0.5544024  -0.5548354  0.000151621843229
  13  -0.55488  -0.554838830769  0.000139997433406
  14  -0.5539064  -0.554772228571  0.000144977192964
  15  -0.5550304  -0.55478944  0.000136329873419
  16  -0.556332  -0.55488585  0.000158269275617
  17  -0.5537824  -0.554820941176  0.000161722605698
  18  -0.5542776  -0.554790755556  0.00015552958798
  19  -0.5542672  -0.5547632  0.000149764970474
  20  -0.5538464  -0.55471736  0.000149127146842
  1  -0.5408512  -0.5408512  0
  2  -0.5407272  -0.5407892  4.3840620158e-05
  3  -0.5425384  -0.541372266667  0.000476968252667
  4  -0.5419064  -0.5415058  0.00037595397324
  5  -0.5409448  -0.5413936  0.000317063970828
  6  -0.5416312  -0.5414332  0.00026668144957
  7  -0.5415576  -0.541450971429  0.000229175471211
  8  -0.5413432  -0.5414375  0.000200924087017
  9  -0.5413992  -0.541433244444  0.000178644248953
  10  -0.5428816  -0.54157808  0.000211494104302
  11  -0.5401008  -0.541443781818  0.00023100455785
  12  -0.5412704  -0.541429333333  0.000212205546735
  13  -0.5404064  -0.541350646154  0.000209964674567
  14  -0.54146  -0.541358457143  0.000195112433753
  15  -0.5421352  -0.54141024  0.00018885155153
  16  -0.5417184  -0.5414295  0.00017802773484
  17  -0.5406784  -0.541385317647  0.000172951157016
  18  -0.5422344  -0.541432488889  0.000169653661886
  19  -0.5414608  -0.541433978947  0.000160731065206
  20  -0.5408  -0.54140228  0.000155788947226
  1  -0.5287656  -0.5287656  0
  2  -0.5285216  -0.5286436  8.62670273988e-05
  3  -0.5282416  -0.5285096  0.000123605106055
  4  -0.5292656  -0.5286986  0.000188108346489
  5  -0.5294536  -0.5288496  0.000202205440108
  6  -0.52878  -0.528838  0.000168836936487
  7  -0.5289176  -0.528849371429  0.000145099810448
  8  -0.5293696  -0.5289144  0.000140781959121
  9  -0.528896  -0.528912355556  0.000125154363149
  10  -0.5291776  -0.52893888  0.000115415420859
  11  -0.5288232  -0.528928363636  0.000105401133347
  12  -0.5286392  -0.528904266667  9.93340642124e-05
  13  -0.5289336  -0.528906523077  9.17186063324e-05
  14  -0.5286456  -0.528887885714  8.70402528062e-05
  15  -0.528432  -0.528857493333  8.63808989159e-05
  16  -0.5290224  -0.5288678  8.15946536786e-05
  17  -0.528376  -0.528838870588  8.17627540405e-05
  18  -0.52846  -0.528817822222  7.98837132142e-05
  19  -0.5275712  -0.528752210526  9.90236273711e-05
  20  -0.5273248  -0.52868084  0.00011699867317
  1  -0.5168672  -0.5168672  0
  2  -0.5163536  -0.5166104  0.000181585021289
  3  -0.5164992  -0.516573333333  0.000124782524767
  4  -0.5162168  -0.5164842  0.000121313931514
  5  -0.516348  -0.51645696  0.000100062674794
  6  -0.5167008  -0.5164976  9.12660579614e-05
  7  -0.516436  -0.5164888  7.86511596019e-05
  8  -0.516016  -0.5164297  8.82743946468e-05
  9  -0.5174952  -0.516548088889  0.000136438766081
  10  -0.5172472  -0.516618  0.000139561427333
  11  -0.5162416  -0.516583781818  0.000131001748685
  12  -0.5165304  -0.516579333333  0.000120160442163
  13  -0.5163912  -0.516564861538  0.000111785405991
  14  -0.5169336  -0.5165912  0.000106858579089
  15  -0.5169248  -0.51661344  0.00010202278298
  16  -0.5161248  -0.5165829  0.000100113057988
  17  -0.5165448  -0.516580658824  9.4249137237e-05
  18  -0.5170344  -0.516605866667  9.23225906582e-05
  19  -0.516492  -0.516599873684  8.76578038703e-05
  20  -0.5166744  -0.5166036  8.33540785216e-05
  1  -0.5042344  -0.5042344  0
  2  -0.5052096  -0.504722  0.000344785266516
  3  -0.5048416  -0.504761866667  0.000232150245115
  4  -0.5031848  -0.5043676  0.000383275201385
  5  -0.5045152  -0.50439712  0.000307754882225
  6  -0.5046056  -0.504431866667  0.000258416471198
  7  -0.5044576  -0.504435542857  0.000221525979362
  8  -0.5050512  -0.5045125  0.000206770884679
  9  -0.5053224  -0.504602488889  0.00020243348943
  10  -0.5052688  -0.50466912  0.000192844449664
  11  -0.504732  -0.504674836364  0.000175397838854
  12  -0.5057952  -0.5047682  0.000183959273912
  13  -0.5034368  -0.504665784615  0.000196257532148
  14  -0.503756  -0.5046008  0.000192697847461
  15  -0.5045792  -0.50459936  0.000179856704654
  16  -0.5047528  -0.50460895  0.00016887113756
  17  -0.5047224  -0.504615623529  0.000159069350421
  18  -0.50424  -0.504594755556  0.00015159479746
  19  -0.5046944  -0.5046  0.000143706811423
  20  -0.5042752  -0.50458376  0.000137436031405
  1  -0.492876  -0.492876  0
  2  -0.4923128  -0.4925944  0.000199121269577
  3  -0.4933776  -0.492855466667  0.000251115720673
  4  -0.4927872  -0.4928384  0.000188915854279
  5  -0.4927336  -0.49281744  0.000152290988866
  6  -0.4929064  -0.492832266667  0.000127628860108
  7  -0.4937808  -0.492967771429  0.000166451147115
  8  -0.493732  -0.4930633  0.000170872434143
  9  -0.4923808  -0.492987466667  0.000167872779559
  10  -0.4927896  -0.49296768  0.00015224713382
  11  -0.4926032  -0.492934545455  0.00014196634937
  12  -0.4926992  -0.492914933333  0.00013148351255
  13  -0.4933144  -0.492945661538  0.000124908448129
  14  -0.4939848  -0.493019885714  0.000136266506152
  15  -0.4939888  -0.49308448  0.000141667003347
  16  -0.494484  -0.49317195  0.00015751843493
  17  -0.4933752  -0.493183905882  0.000148705687007
  18  -0.4931104  -0.493179822222  0.000140500320185
  19  -0.4939664  -0.493221221053  0.000139071031002
  20  -0.492244  -0.49317236  0.000140438814865
  1  -0.4823976  -0.4823976  0
  2  -0.482452  -0.4824248  1.9233304381e-05
  3  -0.4833776  -0.4827424  0.000259636121416
  4  -0.4833968  -0.482906  0.000240816029362
  5  -0.4825272  -0.48283024  0.000204222360369
  6  -0.4826464  -0.4827996  0.000172468483417
  7  -0.482552  -0.482764228571  0.000151413839877
  8  -0.4818256  -0.4826469  0.000172040921726
  9  -0.4828736  -0.482672088889  0.000154758258678
  10  -0.4818752  -0.4825924  0.000158476759182
  11  -0.4831176  -0.482640145455  0.00015109100337
  12  -0.482404  -0.482620466667  0.000139775739702
  13  -0.4820368  -0.482575569231  0.00013604356045
  14  -0.4822072  -0.482549257143  0.000128845541786
  15  -0.4822448  -0.48252896  0.000121844063833
  16  -0.4823208  -0.48251595  0.00011492128758
  17  -0.4815024  -0.482456329412  0.000122655482215
  18  -0.4832592  -0.482500933333  0.000123685834565
  19  -0.4826  -0.482506147368  0.000117285902378
  20  -0.4827408  -0.48251788  0.000112006903695
  1  -0.4717008  -0.4717008  0
  2  -0.4709464  -0.4713236  0.000266720677883
  3  -0.4728096  -0.471818933333  0.000441800652227
  4  -0.472016  -0.4718682  0.000334086141606
  5  -0.4723584  -0.47196624  0.000281286589239
  6  -0.4725608  -0.472065333333  0.000251254535249
  7  -0.4729064  -0.472185485714  0.000242393476237
  8  -0.4721344  -0.4721791  0.000212178388996
  9  -0.4720224  -0.472161688889  0.00018931603237
  10  -0.4726768  -0.4722132  0.000177253797694
  11  -0.4722664  -0.472218036364  0.000161205782593
  12  -0.4718232  -0.472185133333  0.000151092509058
  13  -0.471432  -0.4721272  0.000150166506392
  14  -0.4724488  -0.472150171429  0.00014118639995
  15  -0.4729552  -0.47220384  0.000141607466449
  16  -0.471492  -0.47215935  0.000139571025243
  17  -0.4719616  -0.472147717647  0.000131844814967
  18  -0.4721368  -0.472147111111  0.00012452149817
  19  -0.4728456  -0.472183873684  0.000123275068138
  20  -0.4723296  -0.47219116  0.000117326450189
  1  -0.4625192  -0.4625192  0
  2  -0.4623336  -0.4624264  6.56195092603e-05
  3  -0.4615224  -0.462125066667  0.000249896500089
  4  -0.4611904  -0.4618914  0.000275821010818
  5  -0.4622384  -0.4619608  0.000229221541757
  6  -0.4621488  -0.461992133333  0.000193147627314
  7  -0.4627704  -0.462103314286  0.000194945664271
  8  -0.462132  -0.4621069  0.000170610429788
  9  -0.4621848  -0.462115555556  0.00015187311722
  10  -0.461972  -0.4621012  0.000137362597522
  11  -0.4632728  -0.462207709091  0.000160955535902
  12  -0.4613128  -0.462133133333  0.000163911235004
  13  -0.4622432  -0.4621416  0.000151521189171
  14  -0.4616536  -0.462106742857  0.000144652099783
  15  -0.4616424  -0.462075786667  0.000138281340879
  16  -0.4625592  -0.462106  0.000132898457483
  17  -0.4624264  -0.462124847059  0.00012641023953
  18  -0.46218  -0.462127911111  0.000119424577394
  19  -0.462892  -0.462168126316  0.000119718810163
  20  -0.4617696  -0.4621482  0.000115379247695
  1  -0.4520272  -0.4520272  0
  2  -0.4528584  -0.4524428  0.000293873578217
  3  -0.4524608  -0.4524488  0.000195976960129
  4  -0.4517624  -0.4522772  0.000209018755149
  5  -0.4516776  -0.45215728  0.000198659262877
  6  -0.4529568  -0.452290533333  0.000205435248885
  7  -0.452468  -0.452315885714  0.000177644813521
  8  -0.4527384  -0.4523687  0.000163101283727
  9  -0.4524432  -0.452376977778  0.000145188825356
  10  -0.4523536  -0.45237464  0.00013068876246
  11  -0.4533984  -0.452467709091  0.000148289402903
  12  -0.4521624  -0.452442266667  0.000138097319404
  13  -0.4526816  -0.452460676923  0.000128695767179
  14  -0.4539416  -0.452566457143  0.000157070767126
  15  -0.4524792  -0.45256064  0.000146707062554
  16  -0.4520656  -0.4525297  0.000140762634861
  17  -0.4526496  -0.452536752941  0.000132659056744
  18  -0.4520272  -0.452508444444  0.000128273969482
  19  -0.4526088  -0.452513726316  0.000121631403761
  20  -0.453096  -0.45254284  0.000118983151396
