  1  -0.2358996  -0.2358996  0
  2  0.1738184  -0.0310406  0.144857188087
  3  0.0033088  -0.0195908  0.0970229109725
  4  -0.0202516  -0.019756  0.0727673238715
  5  0.0801332  0.00022184  0.060894537225
  6  0.0748292  0.0126564  0.0519995098983
  7  -0.1551196  -0.0113116  0.0497892899056
  8  -0.0734684  -0.0190812  0.0441676901119
  9  0.2969024  0.0160280888889  0.0513523180817
  10  0.0084776  0.01527304  0.0462226367979
  11  0.0256328  0.0162148363636  0.0420301724658
  12  -0.1014532  0.00640916666667  0.0396549996832
  13  0.0057352  0.00635732307692  0.0366046489814
  14  0.0861716  0.0120583428571  0.0344311240385
  15  -0.0493476  0.00796461333333  0.0323781656057
  16  0.0827452  0.0126384  0.0306900068624
  17  -0.068604  0.00785943529412  0.0292544299089
  18  0.2136904  0.0192944888889  0.029780325365
  19  0.4539512  0.0421711578947  0.0359411691945
  20  -0.2349056  0.02831732  0.0367171987094
  1  0.0795456  0.0795456  0
  2  -0.1028216  -0.011638  0.064476541893
  3  0.1546432  0.0437890666667  0.0624160379439
  4  0.0226284  0.0384989  0.0470356822622
  5  0.0998772  0.05077456  0.0391977157817
  6  -0.0640548  0.0316363333333  0.0370433959705
  7  -0.1150252  0.0106846857143  0.0372077672533
  8  0.004572  0.0099206  0.0325646409003
  9  -0.1639088  -0.00939377777778  0.0341977595053
  10  -0.03862  -0.0123164  0.0309026183403
  11  -0.0461204  -0.0153894909091  0.0282456768694
  12  0.1451716  -0.0020094  0.0288876597549
  13  -0.0279752  -0.00400676923077  0.0267344946026
  14  0.0536724  0.000113171428571  0.0251403370174
  15  0.1239556  0.00836933333333  0.0247829373976
  16  -0.0555432  0.0043748  0.0235537249936
  17  -0.0660648  0.000231294117647  0.0225297211149
  18  -0.0093868  -0.000303044444444  0.0212844054663
  19  -0.067884  -0.00385993684211  0.0204592158435
  20  0.0282296  -0.00225546  0.0194990676459
  1  -0.0066784  -0.0066784  0
  2  0.0830248  0.0381732  0.0317148705071
  3  0.037748  0.0380314666667  0.0211435637045
  4  0.0222792  0.0340934  0.016220267037
  5  0.0021592  0.02770656  0.014177993522
  6  0.0319264  0.0284098666667  0.0118324256879
  7  0.0546748  0.032162  0.0107204971584
  8  -0.0387524  0.0232977  0.0125198402036
  9  -0.0191944  0.0185763555556  0.0119859631073
  10  0.0462016  0.02133888  0.0111011562272
  11  -0.1099808  0.00940072727273  0.0152121935968
  12  -0.033162  0.00585383333333  0.0143520544384
  13  -0.0689152  0.000102369230769  0.0143542889134
  14  0.0028504  0.000298657142857  0.0133303245657
  15  -0.032728  -0.00190312  0.0126221609589
  16  0.049626  0.00131745  0.0122372478598
  17  -0.0034948  0.00103437647059  0.0115206833311
  18  0.0649956  0.00458777777778  0.0114154992585
  19  -0.1100004  -0.00144317894737  0.0123050997356
  20  -0.0367572  -0.00320888  0.0118158489094
  1  0.0063048  0.0063048  0
  2  0.1067844  0.0565446  0.0355249032655
  3  -0.0189128  0.0313921333333  0.0313474338567
  4  0.021222  0.0288496  0.0236134604008
  5  -0.010842  0.02091128  0.0201810472296
  6  -0.0176212  0.0144892  0.0178100783171
  7  -0.0226532  0.00918314285714  0.0160367169326
  8  -0.0254076  0.0048593  0.0146033989856
  9  0.0233132  0.00690973333333  0.0131239582525
  10  0.0326852  0.00948728  0.0120620221816
  11  -0.0014776  0.00849047272727  0.0110065857942
  12  0.0769216  0.0141930666667  0.0114719225117
  13  0.0277588  0.0152365846154  0.0106368216977
  14  0.0299356  0.0162865142857  0.00992873125153
  15  0.0345136  0.0175016533333  0.0093408779616
  16  -0.009798  0.015795425  0.00891154269845
  17  0.0722708  0.0191175058824  0.00898523280887
  18  -0.036626  0.0160206444444  0.0090039347757
  19  -0.0101068  0.0146455157895  0.00863441342803
  20  0.0689576  0.01736112  0.00861916175602
  1  0.0213524  0.0213524  0
  2  -0.0115256  0.0049134  0.0116241283759
  3  -0.0209992  -0.00372413333333  0.0104781430422
  4  -0.0936232  -0.0261989  0.0209903325592
  5  -0.0081396  -0.02258704  0.0171001937163
  6  0.0214472  -0.015248  0.0157464818575
  7  0.0025752  -0.0127018285714  0.0137012932561
  8  -0.0237116  -0.01407805  0.0120575505333
  9  -0.014054  -0.0140753777778  0.0107178229923
  10  -0.0363352  -0.01630136  0.00987449230196
  11  -0.0165016  -0.0163195636364  0.00897682796279
  12  -0.0009364  -0.0150376333333  0.00831978809699
  13  -0.067232  -0.0190525846154  0.00859413998965
  14  -0.0120324  -0.0185511428571  0.00799488825962
  15  -0.0107312  -0.0180298133333  0.00747887378415
  16  -0.0063824  -0.01730185  0.00704678361647
  17  -0.0008056  -0.0163314823529  0.00669874533187
  18  -0.027926  -0.0169756222222  0.00635748707429
  19  -0.00397  -0.0162911157895  0.00605962062223
  20  -0.0240744  -0.01668028  0.00576912261316
  1  0.0031072  0.0031072  0
  2  0.0020188  0.002563  0.000384807510322
  3  0.0269116  0.0106792  0.00663181324224
  4  0.0443484  0.0190965  0.0088248222128
  5  -0.0110448  0.01306824  0.00888332857875
  6  0.0504384  0.0192966  0.00933424432256
  7  0.0049868  0.0172523428571  0.00822158642
  8  0.0116124  0.01654735  0.00722405110099
  9  0.0075908  0.0155521777778  0.00648956331537
  10  -0.0251764  0.01147932  0.00700300245393
  11  -0.0294996  0.00775396363636  0.00729021485073
  12  0.0237304  0.00908533333333  0.00680318099443
  13  0.0035496  0.00865950769231  0.00629317193751
  14  -0.0167312  0.00684588571429  0.00609939654699
  15  0.019462  0.00768696  0.0057504675539
  16  -0.0275272  0.005486075  0.00579695740941
  17  -0.0033892  0.004964  0.00547941856588
  18  -0.0398756  0.00247291111111  0.00571327086779
  19  0.0027168  0.00248574736842  0.00541258682093
  20  -0.0059608  0.00206342  0.00515840761386
  1  -0.0100852  -0.0100852  0
  2  0.0295968  0.0097558  0.0140297056455
  3  -0.0103672  0.00304813333333  0.0108386515903
  4  0.0020468  0.0027978  0.00813187907251
  5  0.0089752  0.00403328  0.00659868936262
  6  -0.0090548  0.00185193333333  0.00584835145578
  7  0.002092  0.00188622857143  0.0050129732305
  8  0.0023752  0.00194735  0.00438672417696
  9  0.0205796  0.0040176  0.00436054371511
  10  0.0164044  0.00525628  0.00409664642557
  11  0.0172616  0.00634767272727  0.00386687178221
  12  0.0347676  0.008716  0.00420784729893
  13  0.0110572  0.00889609230769  0.00388801872671
  14  0.0100484  0.0089784  0.00361117420759
  15  -0.0394224  0.00575168  0.00459101302118
  16  -0.0076868  0.004911775  0.00438022938554
  17  0.0064208  0.00500054117647  0.00412346816703
  18  0.0032144  0.00490131111111  0.00389558039059
  19  -0.0244948  0.00335414736842  0.00398596146013
  20  -0.002494  0.00306174  0.00379737364148
  1  0.00913  0.00913  0
  2  0.0047736  0.0069518  0.00154021999078
  3  0.0008288  0.0049108  0.00195741315914
  4  -0.0146328  2.49e-05  0.00447875137594
  5  -0.0393384  -0.00784776  0.00790069093614
  6  0.0031592  -0.00601326666667  0.00679355067001
  7  -0.0261644  -0.008892  0.00640398845873
  8  -0.0097792  -0.0090029  0.00560445006524
  9  -0.01717  -0.00991035555556  0.00505466575357
  10  0.0248888  -0.00643044  0.00562085796026
  11  -0.0006588  -0.00590574545455  0.00513430200074
  12  0.0144392  -0.00421033333333  0.00497850353996
  13  0.0036936  -0.00360233846154  0.0046325183579
  14  -0.005658  -0.00374917142857  0.00430395057981
  15  -0.0144944  -0.00446552  0.00407619908151
  16  -0.0089684  -0.00474695  0.0038311396023
  17  -0.0103472  -0.00507637647059  0.00361991386488
  18  -0.0079176  -0.00523422222222  0.00342224722779
  19  0.004434  -0.00472536842105  0.003279741503
  20  -0.0107912  -0.00502866  0.00312974633915
  1  0.0035988  0.0035988  0
  2  0.0079412  0.00577  0.00153527024331
  3  -0.0031496  0.0027968  0.00263455094888
  4  -0.0046524  0.0009345  0.002550559544
  5  -0.002702  0.0002072  0.00214163460562
  6  0.0047988  0.000972466666667  0.00191655044382
  7  0.0027868  0.00123165714286  0.00166019121875
  8  -0.0094148  -9.915e-05  0.0019130888707
  9  0.0098204  0.00100302222222  0.0019928842473
  10  -0.0010424  0.00079848  0.00180406201206
  11  0.011936  0.00181098181818  0.00190308919556
  12  -0.0057244  0.00118303333333  0.00184519216552
  13  0.0028696  0.00131276923077  0.0017078090973
  14  -0.0180324  -6.90285714286e-05  0.00207070415105
  15  -0.002256  -0.000214826666667  0.0019377832252
  16  -0.0100672  -0.0008306  0.00191200799717
  17  0.0064508  -0.000402282352941  0.00184688864582
  18  0.0019568  -0.000271222222222  0.00174892772665
  19  -0.001894  -0.000356631578947  0.00165896308256
  20  0.0025896  -0.00020932  0.00158254185438
  1  -0.0014288  -0.0014288  0
  2  -0.0008168  -0.0011228  0.000216374675043
  3  0.018806  0.00552013333333  0.00542585018045
  4  0.0231336  0.0099235  0.00557692964161
  5  0.0085176  0.00964232  0.00446862641754
  6  -0.0100996  0.006352  0.00478423836548
  7  0.025622  0.00910485714286  0.00482824822548
  8  0.0179656  0.01021245  0.00434990253824
  9  -0.0002568  0.0090492  0.00401910956049
  10  0.010056  0.00914988  0.00361845941806
  11  -0.00496  0.00786716363636  0.00350950844862
  12  -0.0047904  0.00681236666667  0.00337183735882
  13  -0.0022812  0.00611286153846  0.00318419665708
  14  -0.0242712  0.00394257142857  0.00362161754834
  15  0.0042196  0.00396104  0.0033802234687
  16  0.007316  0.004170725  0.00317545652411
  17  0.0192212  0.00505604705882  0.00310963146002
  18  -0.00476  0.00451071111111  0.00298430885959
  19  0.0021008  0.00438387368421  0.00282993407533
  20  -0.0029864  0.00401536  0.00271232515004
  1  -0.001532  -0.001532  0
  2  0.0064236  0.0024458  0.0028127293542
  3  0.0126304  0.00584066666667  0.0033465820671
  4  -0.0158512  0.0004177  0.00532505465582
  5  -0.0067208  -0.00101  0.00444731765989
  6  0.0135236  0.00141226666667  0.0043156277171
  7  -0.0075176  0.000136571428571  0.00388308173332
  8  9.72e-05  0.00013165  0.00339769963537
  9  -0.0191516  -0.00201093333333  0.00363346411671
  10  0.00037  -0.00177284  0.00327790930269
  11  0.006768  -0.0009964  0.0030704987047
  12  0.0059368  -0.000418633333333  0.00286846712857
  13  0.01371  0.000668184615385  0.00284626814294
  14  0.0078652  0.00118225714286  0.00268898660666
  15  0.00341  0.00133077333333  0.00251381885728
  16  0.0035092  0.001466925  0.00236038937379
  17  0.0045776  0.00164990588235  0.00222862412895
  18  0.000892  0.0016078  0.00210520939758
  19  0.0053576  0.00180515789474  0.00200363844133
  20  -0.0071708  0.00135636  0.00195307329446
  1  -0.0017172  -0.0017172  0
  2  -0.0032808  -0.002499  0.000552816081532
  3  -0.0027764  -0.00259146666667  0.000376197788798
  4  0.0023376  -0.0013592  0.00110384262465
  5  0.005318  -2.376e-05  0.00148544264799
  6  -0.01036  -0.00174646666667  0.00200135401592
  7  -0.0034684  -0.00199245714286  0.00173049786099
  8  0.0042356  -0.00121395  0.00168020008249
  9  0.0019236  -0.000865333333333  0.00152924998191
  10  0.0041372  -0.00036508  0.00145584975824
  11  0.0109268  0.000661454545455  0.0016460945538
  12  -0.0079364  -5.50333333333e-05  0.00165753277391
  13  -0.0080076  -0.000666769230769  0.00163903238735
  14  -0.0064048  -0.00107662857143  0.00157236887904
  15  0.0054192  -0.000643573333333  0.00152601461917
  16  -0.0093  -0.0011846  0.00152352964978
  17  0.004402  -0.000855976470588  0.00146892460647
  18  0.010158  -0.000244088888889  0.00150938941708
  19  -0.013962  -0.000966084210526  0.00159329611421
  20  0.0151248  -0.00016154  0.00170470130974
  1  0.0081888  0.0081888  0
  2  0.0049556  0.0065722  0.00114310882247
  3  -0.004486  0.00288613333333  0.00310464376104
  4  0.0036408  0.0030748  0.00233420834117
  5  -0.0234496  -0.00223008  0.00509906459488
  6  0.0067072  -0.000740533333333  0.00446148322289
  7  0.0021764  -0.000323828571429  0.00384353942906
  8  -0.0049556  -0.0009028  0.00340642457131
  9  0.0102316  0.000334355555556  0.00324482207388
  10  0.0113356  0.00143448  0.0031012306186
  11  -0.0038864  0.000950763636364  0.00285677547842
  12  -0.0064232  0.000336266666667  0.00268398693337
  13  0.0023276  0.000489446153846  0.00248189365174
  14  -0.0005044  0.000418457142857  0.00230563055109
  15  0.0205444  0.00176018666667  0.00251216836205
  16  -0.0069212  0.0012176  0.00241304138407
  17  -0.0155464  0.000231482352941  0.00246436836971
  18  -0.0006184  0.000184266666667  0.00232791128273
  19  -0.0101724  -0.000360821052632  0.00226830909314
  20  -0.0001656  -0.00035106  0.0021549146404
  1  -0.0022096  -0.0022096  0
  2  0.0004356  -0.000887  0.000935219428797
  3  0.0050364  0.00108746666667  0.00172850780947
  4  0.0032164  0.0016197  0.00137588428565
  5  -0.0041308  0.0004696  0.00150656591333
  6  0.0010704  0.000569733333333  0.00125879485811
  7  0.0015184  0.000705257142857  0.00108623787504
  8  -0.0158448  -0.0013635  0.00215595855219
  9  -0.0056932  -0.00184457777778  0.00196934985034
  10  0.00169  -0.00149112  0.00180385520909
  11  0.0083272  -0.000598545454545  0.00184754737276
  12  0.0116044  0.000418366666667  0.00195350067057
  13  0.002686  0.0005928  0.00181100245436
  14  0.0150476  0.00162528571429  0.00195392229795
  15  -0.0063956  0.00109056  0.00189541769503
  16  -0.0037608  0.00078735  0.00180104306441
  17  -0.0121956  2.36470588235e-05  0.00184994476704
  18  -0.0045856  -0.000232422222222  0.00176480362296
  19  -0.0038352  -0.000422042105263  0.00168207525957
  20  -0.003354  -0.00056864  0.00160434700097
  1  -0.0071468  -0.0071468  0
  2  0.0053668  -0.00089  0.00442422570853
  3  -0.0044244  -0.00206813333333  0.00310238405436
  4  -0.0045456  -0.0026875  0.00238781362076
  5  -0.0076044  -0.00367088  0.00210301865601
  6  -0.00042  -0.00312906666667  0.00182097377287
  7  0.0027596  -0.00228782857143  0.00174435919884
  8  -0.0023356  -0.0022938  0.00152632451988
  9  -0.0041976  -0.00250533333333  0.00137131277033
  10  -0.0001804  -0.00227284  0.00125373513688
  11  -0.0016028  -0.00221192727273  0.00114123797861
  12  -0.0040308  -0.0023635  0.00105615236393
  13  0.0040808  -0.00186778461538  0.00108502553434
  14  0.0054464  -0.00134534285714  0.00112630072296
  15  0.0068668  -0.000797866666667  0.00117677485443
  16  0.0068084  -0.000322475  0.00119539991489
  17  -0.0122364  -0.00102329411765  0.00131455944357
  18  -0.0046928  -0.00122715555556  0.00125723637499
  19  4.52e-05  -0.00116018947368  0.00119284816405
  20  -0.0022064  -0.0012125  0.0011343521749
  1  -0.0060136  -0.0060136  0
  2  -0.003136  -0.0045748  0.00101738523677
  3  -0.0064244  -0.00519133333333  0.000844654497851
  4  0.0004768  -0.0037743  0.00138104970493
  5  0.0087732  -0.0012648  0.00250174800969
  6  -0.0030204  -0.0015574  0.00210183134697
  7  0.001886  -0.00106548571429  0.00185824234656
  8  0.0004984  -0.00087  0.00163621222034
  9  0.0021712  -0.000532088888889  0.00148889481628
  10  0.0100648  0.0005276  0.00167518977552
  11  0.0074392  0.00115592727273  0.00163649884841
  12  -0.0059492  0.000563833333333  0.00160366220845
  13  -0.0013488  0.000416707692308  0.00148703717539
  14  -0.001634  0.000270228571429  0.00138801587576
  15  -0.0012232  0.000170666666667  0.00129904734717
  16  -0.004214  -0.000103375  0.00124642711679
  17  -0.004428  -0.000357764705882  0.00119878667613
  18  0.003334  -0.000152666666667  0.0011495984497
  19  0.0035324  4.12842105263e-05  0.00110533309476
  20  -0.0026216  -9.186e-05  0.00105805507428
  1  -0.0061904  -0.0061904  0
  2  -0.0012436  -0.003717  0.00174895791259
  3  -0.00159  -0.003008  0.00130177234398
  4  -0.0039492  -0.0032433  0.000997368230645
  5  0.0001232  -0.00257  0.000999650979092
  6  -0.0083804  -0.0035384  0.00121468455896
  7  -0.0053004  -0.00379011428571  0.00106692034617
  8  0.000932  -0.00319985  0.00108461326734
  9  -0.0045068  -0.00334506666667  0.000973773540231
  10  0.0033684  -0.00267372  0.00108337712149
  11  -0.0011924  -0.00253905454545  0.000993222591413
  12  -3.36e-05  -0.00233026666667  0.000932140677668
  13  -0.0046284  -0.00250704615385  0.000877040386797
  14  -6.04e-05  -0.00233228571429  0.000831623913654
  15  -0.0003588  -0.00220072  0.000786520540733
  16  -0.0063144  -0.002457825  0.0007782517258
  17  -0.0033124  -0.00250809411765  0.000734093917814
  18  -0.003412  -0.00255831111111  0.000695026391225
  19  -0.0049504  -0.00268421052632  0.000669751912638
  20  0.0106896  -0.00201552  0.000910835852434
  1  0.0043196  0.0043196  0
  2  0.0001504  0.002235  0.00147403479606
  3  0.0098648  0.00477826666667  0.00229734983421
  4  0.0011344  0.0038673  0.00189503742641
  5  -0.001402  0.00281344  0.00178517324148
  6  -0.0055108  0.00142606666667  0.00195373737668
  7  0.0054424  0.00199982857143  0.00175686260782
  8  -0.0014304  0.00157105  0.00158871707509
  9  0.0003332  0.00143351111111  0.00141813398768
  10  -0.003676  0.00092256  0.00136526853763
  11  0.0051452  0.00130643636364  0.00129399610045
  12  0.0067768  0.0017623  0.00126391332696
  13  0.0004672  0.00166267692308  0.00117060884245
  14  -5.44e-05  0.00154002857143  0.00109340017318
  15  0.0030508  0.00164074666667  0.00102513513532
  16  0.0011984  0.0016131  0.000961436915832
  17  -0.0011232  0.00145214117647  0.00091825641062
  18  0.0012072  0.00143853333333  0.000867342988531
  19  0.00059  0.00139387368421  0.000822842321016
  20  -0.0050968  0.00106934  0.000843274105508
  1  0.0011932  0.0011932  0
  2  0.002468  0.0018306  0.000450709862328
  3  0.0005652  0.0014088  0.00045704959128
  4  -0.0074976  -0.0008178  0.00195852335447
  5  -0.0021168  -0.0010776  0.00158395631859
  6  -0.0052028  -0.00176513333333  0.00146158212425
  7  -0.0037924  -0.00205474285714  0.00128115618555
  8  -0.0003116  -0.00183685  0.00113939009219
  9  0.0011832  -0.00150128888889  0.00106105419701
  10  -9.08e-05  -0.00136024  0.000964278215786
  11  -0.0005968  -0.00129083636364  0.000879110664747
  12  0.00774  -0.000538266666667  0.00108099996951
  13  -0.0008404  -0.000561507692308  0.000998095930364
  14  -0.0006704  -0.000569285714286  0.000926833669932
  15  -0.0018872  -0.000657146666667  0.000869199254991
  16  -0.0083192  -0.001136025  0.000937556295289
  17  0.0024964  -0.000922352941176  0.000906427235293
  18  -0.0014012  -0.000948955555556  0.000856460456022
  19  0.0009896  -0.000846926315789  0.000817438317439
  20  0.0009012  -0.00075952  0.000781225477618
  1  -0.0038296  -0.0038296  0
  2  -0.0035304  -0.00368  0.000105783174466
  3  -0.0010284  -0.00279613333333  0.000725111640957
  4  0.001002  -0.0018466  0.000985883000158
  5  -0.0003  -0.00153728  0.000835823471506
  6  0.0007572  -0.00115486666667  0.000779105980049
  7  -0.00139  -0.00118845714286  0.00066852884567
  8  9.08e-05  -0.00102855  0.000603784245147
  9  -0.0017128  -0.00110457777778  0.000541462612226
  10  -0.0017388  -0.001168  0.000491016666112
  11  0.0047864  -0.000626690909091  0.000682372169781
  12  -0.0026132  -0.000792233333333  0.000645275630096
  13  -0.0017416  -0.000865261538462  0.000599757241377
  14  0.0021024  -0.000653285714286  0.000593195776856
  15  0.0021936  -0.000463493333333  0.000583221559079
  16  0.0057984  -7.2125e-05  0.0006652471446
  17  -0.002978  -0.000243058823529  0.000647703317055
  18  -0.0003804  -0.000250688888889  0.000611764739584
  19  0.0057696  6.61684210526e-05  0.000656514934251
  20  0.0056324  0.00034448  0.000680126952032
  1  -0.0072596  -0.0072596  0
  2  0.0049436  -0.001158  0.00431448273609
  3  -0.0033172  -0.00187773333333  0.00293574032962
  4  0.004048  -0.0003963  0.00254831903173
  5  -0.0011624  -0.00054952  0.00204325627926
  6  -0.003486  -0.00103893333333  0.00176035166857
  7  -0.002398  -0.00123308571429  0.00151954184871
  8  -0.0014976  -0.00126615  0.00132995879812
  9  0.0007456  -0.00104262222222  0.00120082297888
  10  -0.0042296  -0.00136132  0.00112223520964
  11  -0.0028424  -0.00149596363636  0.00102825924693
  12  -0.0008772  -0.0014444  0.000943862959686
  13  -0.0004784  -0.00137009230769  0.000874178241507
  14  -0.0054516  -0.00166162857143  0.00085897572365
  15  -0.0073108  -0.00203824  0.000880409240438
  16  0.002712  -0.00174135  0.000874009658753
  17  0.0018576  -0.00152964705882  0.000847849122755
  18  -0.0030512  -0.00161417777778  0.000804949228502
  19  0.006672  -0.00117806315789  0.000872765267018
  20  -0.0025112  -0.00124472  0.000831668543399
  1  -0.0060028  -0.0060028  0
  2  -0.0012152  -0.003609  0.0016926722128
  3  4.16e-05  -0.00239213333333  0.00150351971449
  4  0.0008628  -0.0015784  0.0013297341614
  5  -0.0031596  -0.00189464  0.00110074959536
  6  0.0013804  -0.0013488  0.00104389070522
  7  0.0018288  -0.000894857142857  0.000988548450364
  8  -0.0045984  -0.0013578  0.000967324555152
  9  -0.0039024  -0.00164053333333  0.000900215480377
  10  -0.0033252  -0.001809  0.000825806953228
  11  -0.0021732  -0.00184210909091  0.000751397022352
  12  -0.0049756  -0.00210323333333  0.000732749912557
  13  -0.0017296  -0.00207449230769  0.000676947961996
  14  -0.001958  -0.00206617142857  0.000628645673166
  15  -0.000572  -0.00196656  0.000594575503685
  16  0.002512  -0.00168665  0.000619809423205
  17  0.0025368  -0.00143821176471  0.000631179968297
  18  -0.0028524  -0.00151677777778  0.000600984267966
  19  0.0004668  -0.00141237894737  0.000578350158175
  20  -0.0070696  -0.00169524  0.000614724404526
  1  -0.0081488  -0.0081488  0
  2  -0.000846  -0.0044974  0.00258192970082
  3  0.0037692  -0.00174186666667  0.0028328083362
  4  -0.0041604  -0.0023465  0.0021881813973
  5  -0.005524  -0.002982  0.00184051525655
  6  0.0039368  -0.00182886666667  0.00186024867493
  7  -0.000174  -0.00159245714286  0.00160945080136
  8  0.0031388  -0.00100105  0.00151303170974
  9  0.0051744  -0.000314888888889  0.0014924161625
  10  -0.0021684  -0.00050024  0.00135463552022
  11  -0.00037  -0.0004884  0.0012315385784
  12  -0.0008356  -0.000517333333333  0.00112925018715
  13  0.0053564  -6.55076923077e-05  0.00112916291404
  14  0.0079676  0.000508285714286  0.00118536564749
  15  0.000414  0.000502  0.0011063579367
  16  -0.0012836  0.0003904  0.001042824006
  17  0.0034864  0.000572517647059  0.000997257047942
  18  0.0014628  0.000621977777778  0.000943079597584
  19  -0.0014132  0.000514863157895  0.000899506279728
  20  0.005138  0.00074602  0.000883733547389
  1  -0.000488  -0.000488  0
  2  -0.0054004  -0.0029442  0.00173679567595
  3  0.0038188  -0.000689866666667  0.00217454847284
  4  0.0020112  -1.46e-05  0.0017325878477
  5  8.4e-06  -1e-05  0.00138607638462
  6  0.001054  0.000167333333333  0.00116635242117
  7  0.0009712  0.000282171428571  0.00100536818349
  8  0.001484  0.0004324  0.000890850514957
  9  -0.0009324  0.000280755555556  0.000804670407661
  10  -0.00035  0.00021768  0.000726671307924
  11  0.000224  0.000218254545455  0.000660610507064
  12  -0.0002804  0.0001767  0.000606865182035
  13  0.0034816  0.000430923076923  0.000611116315075
  14  0.0008492  0.0004608  0.000568195008203
  15  -0.0026992  0.000250133333333  0.000568028264294
  16  0.0010432  0.0002997  0.000534684740642
  17  -0.0035148  7.53176470588e-05  0.000548296428568
  18  -0.0009356  1.91555555556e-05  0.000520703917564
  19  -0.0011364  -4.16631578947e-05  0.000496837594327
  20  -0.0025692  -0.00016804  0.000487803757181
  1  0.001748  0.001748  0
  2  -0.0026232  -0.0004376  0.00154545258096
  3  0.0012112  0.000112  0.00112378604528
  4  0.002162  0.0006245  0.000952560059786
  5  -0.0010616  0.00028728  0.000819567623763
  6  -0.0051084  -0.000612  0.00106788228648
  7  -0.000336  -0.000572571428571  0.000916055279883
  8  0.0032584  -9.37e-05  0.000918222687451
  9  0.0005248  -2.49777777778e-05  0.000818765582421
  10  -0.0051636  -0.00053884  0.000883546478144
  11  -0.0012264  -0.000601345454545  0.000805431973864
  12  -0.0019976  -0.0007177  0.000746669766549
  13  -0.0019768  -0.000814553846154  0.000695486933982
  14  -0.0025112  -0.000935742857143  0.000656282993473
  15  -0.001774  -0.000991626666667  0.000614905499765
  16  -0.0039852  -0.001178725  0.000604268226058
  17  0.0018032  -0.00100331764706  0.000593636053862
  18  0.00099  -0.000892577777778  0.000570891828393
  19  -0.0019584  -0.000948673684211  0.000543593899303
  20  -0.0017136  -0.00098692  0.000517757928071
  1  0.0002208  0.0002208  0
  2  -0.0040484  -0.0019138  0.00150939013512
  3  0.0016688  -0.0007196  0.00140117871649
  4  0.00114  -0.0002547  0.00112536939158
  5  0.0016528  0.0001268  0.000962790637262
  6  0.0021604  0.000465733333333  0.000859916330125
  7  -0.0041224  -0.000189714285714  0.000954731566383
  8  -0.0001068  -0.00017935  0.000835446374513
  9  -0.0006908  -0.000236177777778  0.000744549228078
  10  -0.0015668  -0.00036924  0.000681880764826
  11  0.0044424  6.81818181818e-05  0.000747133922722
  12  0.0013024  0.000171033333333  0.000691915889972
  13  -0.0035928  -0.000118492307692  0.000696637610618
  14  -0.0061048  -0.000546085714286  0.000766959752746
  15  0.0007416  -0.00046024  0.000720617437776
  16  0.0026156  -0.000268  0.000700751905991
  17  0.001954  -0.000137294117647  0.000671610375209
  18  -0.00123  -0.000198  0.000637036337898
  19  -0.0007576  -0.000227452631579  0.000604188579987
  20  -0.0030128  -0.00036672  0.000589811576421
  1  -0.0030028  -0.0030028  0
  2  0.0002212  -0.0013908  0.00113985613127
  3  0.0020844  -0.0002324  0.001213279823
  4  0.0039596  0.0008156  0.00128520619357
  5  -0.0015648  0.00033952  0.00111285439637
  6  -0.0017876  -1.5e-05  0.000982226150696
  7  0.0032616  0.000453085714286  0.000946896472032
  8  0.0009592  0.00051635  0.000830645139146
  9  -0.0016936  0.0002708  0.000773794498511
  10  0.0022048  0.0004642  0.000720178536198
  11  0.0011252  0.000524290909091  0.00065720993859
  12  -0.0005372  0.000435833333333  0.000608366319578
  13  0.0008664  0.000468953846154  0.00056246975678
  14  1.2e-05  0.000436314285714  0.000523239509178
  15  -0.0001728  0.000395706666667  0.000489930081131
  16  0.0014508  0.00046165  0.000463726117815
  17  0.0003888  0.000457364705882  0.000436467910642
  18  0.0023936  0.000564933333333  0.000425268446229
  19  -0.000906  0.000487515789474  0.000409872023352
  20  0.0014704  0.00053666  0.000392313588115
  1  -0.003212  -0.003212  0
  2  0.0012068  -0.0010026  0.00156228172235
  3  -0.000428  -0.000811066666667  0.00105319655371
  4  0.0019936  -0.0001099  0.000996325221752
  5  0.0009668  0.00010544  0.000820001206633
  6  -0.0011708  -0.000107266666667  0.000710386695425
  7  -0.0003216  -0.000137885714286  0.000609562394867
  8  0.0003156  -8.12e-05  0.000535996333943
  9  -0.0002308  -9.78222222222e-05  0.000476698858736
  10  0.0049704  0.000409  0.000644397197387
  11  3.32e-05  0.000374836363636  0.000586720552018
  12  -0.001368  0.0002296  0.000555512258091
  13  0.0008424  0.000276738461538  0.000514776647785
  14  -0.0010144  0.000184514285714  0.000486197862517
  15  -0.0022848  1.98933333333e-05  0.000480847081395
  16  -0.0005908  -1.8275e-05  0.000452306451312
  17  0.0014664  6.90588235294e-05  0.00043404975454
  18  -0.0004684  3.92e-05  0.000410961608852
  19  -0.0024064  -8.95157894737e-05  0.000408992925273
  20  0.0015172  -9.18e-06  0.000396354672963
  1  0.0023536  0.0023536  0
  2  -0.0038088  -0.0007276  0.00217873741419
  3  -0.0016964  -0.00105053333333  0.00147623027813
  4  -0.0024928  -0.0014111  0.00115036413691
  5  -0.0004796  -0.0012248  0.000935255177158
  6  -0.002872  -0.00149933333333  0.000818681404138
  7  -0.0038352  -0.00183302857143  0.000766723990387
  8  0.0001908  -0.00158005  0.000711395141386
  9  0.0018648  -0.00119728888889  0.000728076714932
  10  -0.0010872  -0.00118628  0.000655352268143
  11  -0.000924  -0.00116243636364  0.000596208382129
  12  -0.0001124  -0.00107493333333  0.000552908293246
  13  0.0033492  -0.000734615384615  0.000606128637688
  14  -0.001292  -0.000774428571429  0.000564139772034
  15  0.0026328  -0.00054728  0.000570430563245
  16  0.0004816  -0.000482975  0.00053839102422
  17  0.0008376  -0.000405294117647  0.000512294343949
  18  0.0024804  -0.000244977777778  0.000508299496843
  19  -0.0010584  -0.000287789473684  0.000483346443997
  20  0.0003832  -0.00025424  0.000460341997563
  1  0.002498  0.002498  0
  2  0.0041912  0.0033446  0.000598636600953
  3  -0.0015468  0.00171413333333  0.00138980384014
  4  -0.0033932  0.0004373  0.00151961411138
  5  -0.0005344  0.00024296  0.00122805526703
  6  0.001994  0.0005348  0.00105748799625
  7  0.000376  0.000512114285714  0.00090666158199
  8  -0.0008344  0.0003438  0.000808801091122
  9  -0.001902  9.42666666667e-05  0.00075644885754
  10  -0.001278  -4.296e-05  0.000693139300747
  11  0.00076  3.00363636364e-05  0.000633958706489
  12  -0.002592  -0.000188466666667  0.000617637144165
  13  -0.0012404  -0.000269384615385  0.000575402796283
  14  0.0018796  -0.000115885714286  0.000554398938993
  15  -0.0031716  -0.0003196  0.000553602750154
  16  -0.0006472  -0.000340075  0.000519381074235
  17  0.0009832  -0.000262235294118  0.000494627778191
  18  0.0028028  -9.19555555556e-05  0.000495592601394
  19  0.0018056  7.91578947368e-06  0.000479466180152
  20  -0.0013416  -5.956e-05  0.000460216349905
  1  -0.0001332  -0.0001332  0
  2  0.0016252  0.000746  0.000621688282019
  3  0.0012756  0.000922533333333  0.000438807650428
  4  0.0001292  0.0007242  0.000371231289091
  5  0.000318  0.00064296  0.000305745088072
  6  -0.0017676  0.0002412  0.00044657133311
  7  0.0015296  0.000425257142857  0.000418992224786
  8  -0.0014992  0.0001847  0.000430166448889
  9  0.0019508  0.000380933333333  0.00042477742378
  10  0.001342  0.00047704  0.000393021486232
  11  -0.0019972  0.000252109090909  0.00041671600204
  12  -0.0010892  0.000140333333333  0.000396697334482
  13  -0.0005024  9.08923076923e-05  0.000369250258854
  14  -0.0001576  7.31428571429e-05  0.000343301573517
  15  0.000976  0.000133333333333  0.000325648602797
  16  -0.0019428  3.575e-06  0.000330136760428
  17  0.002654  0.000159482352941  0.000345575312723
  18  -0.0030268  -1.75333333333e-05  0.000368938320985
  19  0.0031144  0.000147305263158  0.000384585829494
  20  -0.000862  9.684e-05  0.00036865268956
  1  -0.0003632  -0.0003632  0
  2  0.0054936  0.0025652  0.00207069149803
  3  -0.000908  0.00140746666667  0.0016730920127
  4  -0.0022468  0.0004939  0.00148341625564
  5  0.00116  0.00062712  0.00119269999527
  6  0.002096  0.000871933333333  0.0010187320416
  7  0.0008884  0.000874285714286  0.000873201608772
  8  -0.0008456  0.0006593  0.000790073448326
  9  0.0016456  0.000768888888889  0.000709847206728
  10  -0.0007832  0.00061368  0.000655611237976
  11  0.0007312  0.000624363636364  0.00059609725859
  12  -0.0004316  0.000536366666667  0.00055287947342
  13  -0.00096  0.000421261538462  0.00052219482337
  14  0.0040172  0.000678114285714  0.000544411885531
  15  0.0031836  0.000845146666667  0.000533126144911
  16  -0.001256  0.000713825  0.000515726034306
  17  1.64e-05  0.0006728  0.000487018204615
  18  -0.00058  0.0006032  0.000464908322305
  19  0.0015204  0.000651473684211  0.000442938618137
  20  8.84e-05  0.00062332  0.000421685478147
