  1  71.4395408  71.4395408  0
  2  79.1917856  75.3156632  2.74083243375
  3  77.9586784  76.1966682667  1.9637172597
  4  78.715128  76.8262832  1.57048258618
  5  79.732824  77.40759136  1.359721036
  6  76.5439088  77.2636442667  1.14069490716
  7  77.811912  77.3419682286  0.9804237981
  8  83.3851536  78.0973664  1.11141371562
  9  76.07992  77.8732056889  1.01027588447
  10  79.7383712  78.05972224  0.926305589572
  11  82.4194624  78.4560622545  0.923000852016
  12  81.46388  78.7067137333  0.879459480999
  13  77.4408  78.6093357538  0.817182047878
  14  77.8996016  78.5586404571  0.76038276069
  15  79.136408  78.5971582933  0.71066548392
  16  78.9725584  78.6206208  0.666636084108
  17  79.063472  78.6466708706  0.62793096851
  18  80.229264  78.7345927111  0.599169632618
  19  82.1270784  78.9131445895  0.593642684766
  20  81.1775168  79.0263632  0.574655578266
  1  61.2625949091  61.2625949091  0
  2  60.6216610909  60.942128  0.226604324565
  3  60.021184  60.6351466667  0.292655146648
  4  60.4104305455  60.5789676364  0.224818859736
  5  60.2009876364  60.5033716364  0.192144884855
  6  59.4107069091  60.3212608485  0.230815076971
  7  59.4048130909  60.1903397403  0.23201933978
  8  59.4143796364  60.0933447273  0.22236883599
  9  61.0248116364  60.1968410505  0.220434272628
  10  57.7889745455  59.9560544  0.302554652055
  11  59.7948029091  59.9413951736  0.275404585467
  12  61.4377643636  60.0660926061  0.279261144786
  13  61.4583912727  60.1731925035  0.277557796731
  14  58.340304  60.0422718961  0.2869526311
  15  58.7232363636  59.9543361939  0.280973384815
  16  59.7274967273  59.9401587273  0.263769991866
  17  61.7858414545  60.0487282995  0.269674028201
  18  59.0893047273  59.9954269899  0.259906290138
  19  58.6996683636  59.9272291675  0.255017446084
  20  58.4449425455  59.8531148364  0.252807001766
  1  45.5190773333  45.5190773333  0
  2  48.5152373333  47.0171573333  1.05930252676
  3  43.5765946667  45.8703031111  1.17284720114
  4  43.9988693333  45.4024446667  0.96846635536
  5  44.3799626667  45.1979482667  0.796070571135
  6  43.9916533333  44.9968991111  0.688311778197
  7  46.2811506667  45.180363619  0.613945407771
  8  43.2825773333  44.9431403333  0.581228667759
  9  43.270416  44.7572820741  0.545554763214
  10  42.6593386667  44.5474877333  0.529804302167
  11  46.0107866667  44.6805149091  0.49806107614
  12  43.603716  44.5907816667  0.464569068066
  13  43.8676853333  44.5351588718  0.432150012338
  14  44.6847226667  44.545842  0.401414180756
  15  42.3008293333  44.3961744889  0.401586918443
  16  43.4938706667  44.3397805  0.380426773174
  17  43.0144626667  44.2618206275  0.365949612531
  18  46.7320973333  44.3990582222  0.370459664152
  19  46.10118  44.4886435789  0.361631463647
  20  42.373108  44.3828668  0.35868623873
  1  35.4776344615  35.4776344615  0
  2  31.5467778462  33.5122061538  1.38976768431
  3  32.1155224615  33.0466449231  1.00146006871
  4  31.2104209231  32.5875889231  0.849819442461
  5  32.1635138462  32.5027739077  0.684074881669
  6  33.2300541538  32.6239872821  0.580702198419
  7  32.1174412308  32.5516235604  0.502233275777
  8  33.3806978462  32.6552578462  0.450019418877
  9  32.3385218462  32.6200649573  0.401390997922
  10  34.1685009231  32.7749085538  0.389976690797
  11  32.4460652308  32.7450137063  0.355668258778
  12  31.9244750769  32.6766354872  0.332537234952
  13  32.3805452308  32.6538593136  0.307736453137
  14  33.1186966154  32.687061978  0.287540869639
  15  31.8174843077  32.6290901333  0.274153125411
  16  31.3845698462  32.5513076154  0.267825550021
  17  32.8277649231  32.56756981  0.252564338323
  18  32.6331335385  32.5712122393  0.238559249921
  19  31.6362990769  32.5220062834  0.231022455885
  20  33.6435003077  32.5780809846  0.226174312333
  1  24.5808674286  24.5808674286  0
  2  25.3435268571  24.9621971429  0.269640826839
  3  23.5800434286  24.5014792381  0.416918674271
  4  25.6733851429  24.7944557143  0.40267955745
  5  24.0155188571  24.6386683429  0.350987596234
  6  25.275536  24.7448129524  0.308121894245
  7  24.8993097143  24.7668839184  0.264893779957
  8  23.7741497143  24.6427921429  0.259223542174
  9  24.1857657143  24.5920114286  0.235342227726
  10  25.6135794286  24.6941682286  0.232927116433
  11  23.773808  24.6104991169  0.226280769508
  12  25.2476788571  24.6635974286  0.2135631288
  13  25.1605005714  24.7018207473  0.200526609719
  14  24.9990205714  24.7230493061  0.187323580884
  15  23.5115268571  24.6422811429  0.191457549651
  16  24.1257828571  24.61  0.182192547324
  17  24.8880205714  24.6263541513  0.172207773321
  18  24.7735554286  24.634532  0.162834734961
  19  25.4432445714  24.6770958195  0.159730581877
  20  26.4557851429  24.7660302857  0.174757345664
  1  18.9988778667  18.9988778667  0
  2  18.6626656  18.8307717333  0.118868986839
  3  18.3130677333  18.6582037333  0.161657261538
  4  18.6456245333  18.6550589333  0.121273530984
  5  19.4822741333  18.8205019733  0.17694567514
  6  18.34096  18.7405783111  0.164517649531
  7  19.4894794667  18.8475641905  0.172325578447
  8  19.0579168  18.8738582667  0.152777735675
  9  19.1102944  18.9001289481  0.138042623761
  10  19.9828362667  19.00839968  0.161200082747
  11  18.5302346667  18.9649301333  0.152293833853
  12  19.0273344  18.9701304889  0.13969144071
  13  19.2480042667  18.9915053949  0.130571046883
  14  18.5648490667  18.9610299429  0.124750362724
  15  19.5306485333  18.9990045156  0.122076739144
  16  19.3189738667  19.0190026  0.116073385925
  17  19.1410784  19.0261835294  0.109467439958
  18  19.3415562667  19.043704237  0.104778664552
  19  19.4930410667  19.0673535439  0.10189796225
  20  18.3353002667  19.03075088  0.103167826758
  1  15.759021  15.759021  0
  2  14.987412  15.3732165  0.272804978162
  3  14.430668  15.0590336667  0.314458147897
  4  15.511419  15.17213  0.255372853438
  5  15.916752  15.3210544  0.243886387212
  6  15.593429  15.3664501667  0.207420501211
  7  14.71666  15.273623  0.197471082678
  8  14.826344  15.217713125  0.180528641559
  9  14.657991  15.1555217778  0.170846721111
  10  15.401005  15.1800701  0.155515677101
  11  15.786804  15.2352277273  0.150842608727
  12  16.191627  15.3149276667  0.15793034704
  13  15.283861  15.3125379231  0.145799938043
  14  14.614829  15.2627015714  0.143650734685
  15  14.898112  15.2383956  0.136114795224
  16  15.211153  15.2366929375  0.127618269396
  17  16.246792  15.2961105294  0.133227264648
  18  15.27804  15.2951066111  0.125829532343
  19  15.297923  15.2952548421  0.119207012687
  20  14.473403  15.25416225  0.120120679052
  1  12.5783011765  12.5783011765  0
  2  12.7753731765  12.6768371765  0.0696754737909
  3  12.70784  12.687171451  0.0472104860879
  4  12.3030531765  12.5911418824  0.0903879162897
  5  12.5396724706  12.580848  0.0728941388198
  6  12.8924367059  12.632779451  0.0770543017194
  7  12.9322814118  12.6755654454  0.0770147203239
  8  12.5635802353  12.6615672941  0.0686482419147
  9  12.4155924706  12.6342367582  0.066238083634
  10  11.7987049412  12.5506835765  0.0991810595371
  11  12.2864442353  12.5266618182  0.0930281745704
  12  12.6209957647  12.5345229804  0.0856073283445
  13  12.4009618824  12.5242490498  0.0796362619003
  14  12.6182785882  12.5309654454  0.0742306422208
  15  12.6916103529  12.5416751059  0.0700502432331
  16  12.0620037647  12.5116956471  0.0718012539647
  17  12.1930315294  12.492950699  0.0699817330511
  18  13.1370898824  12.5287362092  0.0746850476291
  19  12.5904329412  12.5319834056  0.0708248121399
  20  12.0262230588  12.5066953882  0.0716560439044
  1  10.5921217778  10.5921217778  0
  2  10.3433271111  10.4677244444  0.0879621979615
  3  10.6601866667  10.5318785185  0.0786298391217
  4  10.1210391111  10.4291686667  0.106722662897
  5  10.4399777778  10.4313304889  0.0854000229317
  6  10.1378906667  10.3824238519  0.084011386845
  7  10.2500471111  10.3635128889  0.0741076302433
  8  10.2696062222  10.3517745556  0.0657672572936
  9  10.7218586667  10.3928950123  0.0701467138024
  10  10.5605137778  10.4096568889  0.0651039110586
  11  10.2081137778  10.3913347879  0.0617097214242
  12  10.0585537778  10.363603037  0.0624885243096
  13  9.979264  10.3340384957  0.0642962422908
  14  10.222184  10.3260488889  0.0601980108221
  15  10.1384853333  10.3135446519  0.0574688185047
  16  10.3697564444  10.3170578889  0.0539842977694
  17  10.3541217778  10.3192381176  0.0508527575253
  18  10.0633688889  10.3050231605  0.0499748932043
  19  10.4171671111  10.3109254737  0.0476919100614
  20  10.491232  10.3199408  0.0461515444556
  1  8.38785852632  8.38785852632  0
  2  8.62414315789  8.50600084211  0.0835392326399
  3  8.49720168421  8.50306778947  0.0557442875465
  4  8.41843873684  8.48191052632  0.045647006856
  5  8.21830736842  8.42918989474  0.059641491477
  6  8.61727242105  8.46053698246  0.0573505024909
  7  8.70525894737  8.49549726316  0.0588564799578
  8  8.60744084211  8.50949021053  0.0531367811462
  9  8.69436463158  8.53003181287  0.051049002771
  10  8.29559242105  8.50658787368  0.0510442652006
  11  8.50173642105  8.50614683254  0.0464057827945
  12  8.48729768421  8.50457607018  0.0425652098378
  13  8.67716126316  8.51785185425  0.0413094273973
  14  8.78610021053  8.53701245113  0.0425711054552
  15  8.86569684211  8.55892474386  0.0450205784126
  16  8.27063578947  8.54090668421  0.0456702652933
  17  8.39760589474  8.53247722601  0.0437547857997
  18  8.46296252632  8.52861529825  0.0414940469758
  19  8.62624336842  8.53375361773  0.0396270186314
  20  8.70695410526  8.54241364211  0.0385803384855
  1  7.3342544  7.3342544  0
  2  7.3470696  7.340662  0.00453085741117
  3  7.5010416  7.39412186667  0.043754185501
  4  7.186752  7.3422794  0.0556111246406
  5  7.634432  7.40070992  0.0686335394075
  6  7.5413624  7.424152  0.0610669035958
  7  7.2867456  7.40452251429  0.0554081890962
  8  7.361268  7.3991157  0.0487452541612
  9  7.337676  7.39228906667  0.0438045318473
  10  7.2723416  7.38029432  0.0410334562428
  11  7.3072128  7.37365054545  0.0378371701179
  12  7.591888  7.391837  0.0388094029956
  13  7.4093416  7.39318350769  0.0358474155034
  14  7.3345176  7.38899308571  0.0335309132669
  15  7.3706408  7.3877696  0.0313178325457
  16  7.3113544  7.38299365  0.02972240189
  17  7.2219824  7.3735224  0.0294444210117
  18  7.4292944  7.37662084444  0.0279711698433
  19  7.0966768  7.36188694737  0.0301307021808
  20  7.5047784  7.36903152  0.0294590497595
  1  6.33864152381  6.33864152381  0
  2  6.58558171429  6.46211161905  0.0873065416166
  3  6.33182704762  6.41868342857  0.0681548687463
  4  6.25283657143  6.37722171429  0.0624673215682
  5  6.57263314286  6.416304  0.0609862808689
  6  6.6703527619  6.45864546032  0.0638503326386
  7  6.32090742857  6.43896859864  0.057681152512
  8  6.43317409524  6.43824428571  0.050475555909
  9  6.2341112381  6.41556283598  0.0497026093296
  10  6.50888457143  6.42489500952  0.0456000384852
  11  6.20477638095  6.40488422511  0.0456345359292
  12  6.30683961905  6.39671384127  0.0425567837913
  13  6.24729371429  6.38521998535  0.0408058223929
  14  6.448608  6.38974770068  0.0381414858215
  15  6.14423161905  6.3733799619  0.038952683526
  16  6.40353828571  6.37526485714  0.0365637167979
  17  6.51295619048  6.38336434734  0.0352986003284
  18  6.56717942857  6.3935762963  0.0347833828625
  19  6.32381485714  6.3899046416  0.0331458977815
  20  6.39337142857  6.39007798095  0.0314890561357
  1  5.64320581818  5.64320581818  0
  2  5.70088363636  5.67204472727  0.0203921881802
  3  5.54919927273  5.63109624242  0.0360925289644
  4  5.61895709091  5.62806145455  0.0271966853139
  5  5.49882618182  5.6022144  0.0317464704473
  6  5.44735418182  5.57640436364  0.0354262531964
  7  5.70886036364  5.59532664935  0.0350564910344
  8  5.64489381818  5.60152254545  0.0312171606994
  9  5.64699854545  5.60657543434  0.0281545543138
  10  5.59249090909  5.60516698182  0.025374303869
  11  5.55691927273  5.60078082645  0.0234435755121
  12  5.61227054545  5.60173830303  0.021509487841
  13  5.383384  5.58494181818  0.0255858895311
  14  5.57943490909  5.58454846753  0.0237613494348
  15  5.68284145455  5.59110133333  0.0230631354742
  16  5.59482254545  5.59133390909  0.021622862158
  17  5.62822981818  5.59350425668  0.0204595611056
  18  5.62333527273  5.59516153535  0.0193899246265
  19  5.67235709091  5.59922445933  0.0187902496876
  20  5.54211345455  5.59636890909  0.0180664129674
  1  4.8745613913  4.8745613913  0
  2  4.97272417391  4.92364278261  0.0347057846213
  3  5.00309356522  4.95012637681  0.0316688604787
  4  4.94821773913  4.94964921739  0.0237552398029
  5  5.05041043478  4.96980146087  0.026192549348
  6  4.94168765217  4.96511582609  0.0222422871982
  7  4.94807513043  4.96268144099  0.0191975752752
  8  4.94666434783  4.96067930435  0.0169019584619
  9  4.98787826087  4.96370141063  0.0152917559848
  10  4.85123130435  4.9524544  0.0174141994403
  11  4.83168556522  4.94147541502  0.0189790285407
  12  4.85158886957  4.93398486957  0.0188176406313
  13  4.84438886957  4.92709286957  0.0185894392984
  14  5.06493147826  4.93693848447  0.0196970993949
  15  4.86115130435  4.9318860058  0.019020927139
  16  4.94165982609  4.93249686957  0.0178419255489
  17  4.98138782609  4.93537280818  0.0170226087098
  18  5.0024306087  4.93909824155  0.0164795262192
  19  5.01888417391  4.94329750114  0.0161383374964
  20  4.88861008696  4.94056313043  0.0155613432033
  1  4.474466  4.474466  0
  2  4.27981  4.377138  0.0688212887993
  3  4.421598  4.391958  0.0474497085438
  4  4.47509333333  4.41274183333  0.0398802005263
  5  4.50186333333  4.43056613333  0.0356656696077
  6  4.45076933333  4.43393333333  0.0298799174425
  7  4.36351133333  4.42387304762  0.027252385566
  8  4.38640866667  4.41919  0.0242448660135
  9  4.36900933333  4.41361437037  0.0221828474188
  10  4.462546  4.41850753333  0.0204971340017
  11  4.47295533333  4.42345733333  0.0192221264192
  12  4.442426  4.42503805556  0.0176851580811
  13  4.36180266667  4.42017379487  0.016980541343
  14  4.43548266667  4.42126728571  0.0158028149119
  15  4.36456333333  4.41748702222  0.0151947152108
  16  4.38006466667  4.415148125  0.0144239335581
  17  4.43748866667  4.41646227451  0.0136352008533
  18  4.367984  4.41376903704  0.0131409834555
  19  4.37134866667  4.41153638596  0.0126375931405
  20  4.38948133333  4.41043363333  0.0120537303954
  1  4.00208  4.00208  0
  2  3.90377856  3.95292928  0.0347548074122
  3  4.00239552  3.96941802667  0.0267973032492
  4  4.01940736  3.98191536  0.0228268745646
  5  4.00828992  3.987190272  0.0188611274004
  6  3.99193408  3.98798090667  0.0157341686445
  7  3.990768  3.98837906286  0.013491467036
  8  3.95636352  3.98437712  0.0123843620318
  9  4.00184448  3.98631793778  0.0111593634329
  10  3.98686208  3.986372352  0.0100435597534
  11  3.97580416  3.98541160727  0.00917634517328
  12  4.0139168  3.98778704  0.00871368513547
  13  3.94362496  3.98438995692  0.00868036739449
  14  4.01103552  3.98629321143  0.00826636171083
  15  4.01514752  3.988216832  0.00793593308236
  16  4.03212224  3.99096092  0.00790013033247
  17  3.96799872  3.98961020235  0.0075500027162
  18  3.9732512  3.98870136889  0.0071850504312
  19  3.97145664  3.98779375158  0.00686397572671
  20  3.86045312  3.98142672  0.00900181473243
  1  3.63088738462  3.63088738462  0
  2  3.48337907692  3.55713323077  0.0521520623253
  3  3.52035753846  3.54487466667  0.036180081663
  4  3.55585292308  3.54761923077  0.0272389614886
  5  3.55287261538  3.54866990769  0.0218114234359
  6  3.54043753846  3.54729784615  0.018219290291
  7  3.58365230769  3.55249134066  0.0163399919885
  8  3.60716184615  3.55932515385  0.0156614712954
  9  3.57459753846  3.56102208547  0.0140129381398
  10  3.54981353846  3.55990123077  0.0126563919162
  11  3.58619384615  3.56229146853  0.011729345009
  12  3.56041476923  3.56213507692  0.010752942154
  13  3.63835261538  3.5679979645  0.0114127429209
  14  3.54101723077  3.56607076923  0.0107590330619
  15  3.59201907692  3.56780065641  0.0101798839423
  16  3.59325046154  3.56939126923  0.00966710961715
  17  3.56439076923  3.56909712217  0.00910293010652
  18  3.55108184615  3.5680962735  0.00865205746251
  19  3.55170092308  3.56723336032  0.00823960498678
  20  3.54507569231  3.56612547692  0.00790175577821
  1  3.20015466667  3.20015466667  0
  2  3.3365357037  3.26834518519  0.0482179780571
  3  3.26651377778  3.26773471605  0.032149182929
  4  3.23029214815  3.25837407407  0.0254381469025
  5  3.26660681481  3.26002062222  0.0204037364239
  6  3.25704355556  3.25952444444  0.0170091456388
  7  3.32506903704  3.26888795767  0.0169618799686
  8  3.25414044444  3.26704451852  0.0149414828553
  9  3.27153718519  3.2675437037  0.013289654203
  10  3.24944355556  3.26573368889  0.0120833196773
  11  3.23718814815  3.26313863973  0.0112600486828
  12  3.24818133333  3.26189219753  0.0103904703447
  13  3.25424  3.26130356695  0.00960786218468
  14  3.29931259259  3.26401849735  0.00929726090734
  15  3.31036503704  3.26710826667  0.00917650561882
  16  3.2821357037  3.26804748148  0.00865090478722
  17  3.21314962963  3.26481819608  0.00872395989528
  18  3.2805842963  3.26569409053  0.00828314909882
  19  3.26828266667  3.26583033138  0.00784831424467
  20  3.25905303704  3.26549146667  0.00746321048596
  1  2.97119028571  2.97119028571  0
  2  2.98275085714  2.97697057143  0.00408727922586
  3  3.00914228571  2.98769447619  0.00917021874167
  4  3.01220571429  2.99382228571  0.00868704783232
  5  2.99524342857  2.99410651429  0.00695428650046
  6  2.98495257143  2.99258085714  0.00596024190827
  7  2.91806685714  2.981936  0.0111006772368
  8  2.99890914286  2.98405764286  0.00991377147567
  9  2.93019885714  2.97807333333  0.0104636729064
  10  3.01175028571  2.98144102857  0.00994448988918
  11  3.03988571429  2.98675418182  0.0103630556585
  12  2.986  2.98669133333  0.00949965826258
  13  2.98307828571  2.98641340659  0.00877297995892
  14  2.919064  2.98160273469  0.00937295872866
  15  3.028672  2.98474068571  0.00925847991648
  16  2.96403542857  2.98344660714  0.00876979675141
  17  2.979908  2.98323845378  0.00825639627127
  18  3.03176057143  2.98593412698  0.00822600721288
  19  2.97117942857  2.98515756391  0.00782962876171
  20  2.99712857143  2.98575611429  0.00746099088813
  1  2.73904331034  2.73904331034  0
  2  2.73070786207  2.73487558621  0.00294702599997
  3  2.70368937931  2.72448018391  0.00871222756761
  4  2.73646841379  2.72747724138  0.00703080020581
  5  2.72163531034  2.72630885517  0.00572089835993
  6  2.73374951724  2.72754896552  0.00489998061541
  7  2.749424  2.73067397044  0.00510004142489
  8  2.72345544828  2.72977165517  0.00454165509433
  9  2.67061406897  2.72319859004  0.00739609316475
  10  2.70178593103  2.72105732414  0.00695954703359
  11  2.80446896552  2.72864020063  0.00960738835633
  12  2.747952  2.73024951724  0.00894054358821
  13  2.74757186207  2.73158200531  0.00835151541455
  14  2.71878289655  2.73066778325  0.007804857135
  15  2.7599337931  2.73261885057  0.00752444761416
  16  2.74119172414  2.73315465517  0.00707322083227
  17  2.71668027586  2.73218557404  0.00672320675377
  18  2.78451034483  2.73509250575  0.00694977866675
  19  2.69242813793  2.7328470127  0.00693728513869
  20  2.73137268966  2.73277329655  0.00659081252703
  1  2.5432432  2.5432432  0
  2  2.52575093333  2.53449706667  0.00618445018918
  3  2.52654666667  2.53184693333  0.0046562853182
  4  2.52761386667  2.53078866667  0.00361047154754
  5  2.52712426667  2.53005578667  0.00296182604909
  6  2.53684533333  2.53118737778  0.00267563747292
  7  2.5516656  2.5341128381  0.00354900000521
  8  2.57306346667  2.53898166667  0.00551231885141
  9  2.51770026667  2.53661706667  0.00538316783506
  10  2.52763413333  2.53571877333  0.00491922956704
  11  2.5668096  2.53854521212  0.00522125751745
  12  2.48814346667  2.53434506667  0.00625127010455
  13  2.47174186667  2.5295294359  0.00739621411813
  14  2.50074186667  2.52747318095  0.00714803481455
  15  2.54742773333  2.52880348444  0.00679416131205
  16  2.52226453333  2.5283948  0.00638180604801
  17  2.51184106667  2.52742105098  0.00608024019082
  18  2.50275413333  2.52605066667  0.00589485739837
  19  2.51212266667  2.52531761404  0.00562999648229
  20  2.5661568  2.52735957333  0.00570679720941
  1  2.30459612903  2.30459612903  0
  2  2.37671019355  2.34065316129  0.0254961720192
  3  2.33091406452  2.3374067957  0.0172028824711
  4  2.32972541935  2.33548645161  0.013008903549
  5  2.33183845161  2.33475685161  0.0104275624533
  6  2.34160258065  2.33589780645  0.00875183283385
  7  2.31369496774  2.33272597235  0.00805585999421
  8  2.36380490323  2.33661083871  0.00793046891681
  9  2.32152464516  2.33493459498  0.00722428575806
  10  2.40117006452  2.34155814194  0.00904203426438
  11  2.31666012903  2.33929468622  0.00849861138908
  12  2.373072  2.34210946237  0.00824335810493
  13  2.31059509677  2.3396852804  0.00795772256813
  14  2.35675406452  2.34090447926  0.00748212735788
  15  2.3470276129  2.34131268817  0.00699444550692
  16  2.36241341935  2.34263148387  0.00668046463798
  17  2.35797987097  2.34353433017  0.00634821156829
  18  2.35651148387  2.34425528315  0.0060363328803
  19  2.36482941935  2.34533813243  0.00581494548197
  20  2.35466219355  2.34580433548  0.00554285520871
  1  2.151253  2.151253  0
  2  2.2138175  2.18253525  0.0221198911058
  3  2.1455215  2.17019733333  0.0178590265262
  4  2.1964745  2.176766625  0.0145524280023
  5  2.18466  2.1783453  0.0117272586179
  6  2.19003  2.18029275  0.00993309802905
  7  2.2278955  2.18709314286  0.010589074191
  8  2.1992175  2.1886086875  0.0093732674653
  9  2.210729  2.1910665  0.00864802967283
  10  2.1375095  2.1857108  0.00929482588277
  11  2.1775575  2.18496959091  0.00847934379766
  12  2.1743465  2.18408433333  0.00781880643627
  13  2.1874665  2.1843445  0.00722168694457
  14  2.1315315  2.18057214286  0.00762775554232
  15  2.1843565  2.18082443333  0.00712340957874
  16  2.2058085  2.1823859375  0.00684720454164
  17  2.15041  2.180505  0.00669779533216
  18  2.1765815  2.18028702778  0.00632924142819
  19  2.1944555  2.18103273684  0.00603989329885
  20  2.1989775  2.181929975  0.00580415930428
  1  1.98356848485  1.98356848485  0
  2  2.01135078788  1.99745963636  0.00982252743485
  3  2.03143030303  2.00878319192  0.011329732974
  4  2.03448533333  2.01520872727  0.0101572501763
  5  2.04319175758  2.02080533333  0.00954391049047
  6  2.03826860606  2.02371587879  0.00838532768117
  7  2.07344775758  2.0308204329  0.00974284758624
  8  2.04978036364  2.03319042424  0.0088085318878
  9  2.04664  2.03468482155  0.00795556102999
  10  2.07511515152  2.03872785455  0.0081226334883
  11  2.00283442424  2.03546481543  0.00801286885938
  12  2.0005289697  2.03255349495  0.00785623338152
  13  2.00776048485  2.03064634033  0.00747981396713
  14  1.99205575758  2.02788987013  0.00743612478486
  15  2.05759612121  2.02987028687  0.00719927068911
  16  2.00808436364  2.02850866667  0.00687687458826
  17  2.04950351515  2.02974365775  0.00658231211217
  18  2.03616048485  2.03010014815  0.00622627417551
  19  2.01895127273  2.02951336523  0.0059261611293
  20  2.0287209697  2.02947374545  0.00562998551171
  1  1.91413176471  1.91413176471  0
  2  1.91967529412  1.91690352941  0.00195993361941
  3  1.92122729412  1.91834478431  0.00175842901239
  4  1.90823764706  1.915818  0.00255495010889
  5  1.93797741176  1.92024988235  0.00445993697154
  6  1.88583105882  1.91451341176  0.00642151070197
  7  1.92096470588  1.91543502521  0.00556989426755
  8  1.90869458824  1.91459247059  0.00493697258215
  9  1.91448376471  1.91458039216  0.00438843484809
  10  1.90125129412  1.91324748235  0.00414707796258
  11  1.89348894118  1.91145125134  0.00414084134034
  12  1.92296941176  1.91241109804  0.00390543332267
  13  1.924416  1.91333455204  0.00371258746072
  14  1.89041505882  1.91169744538  0.00379120906461
  15  1.87968705882  1.90956341961  0.00409526231811
  16  1.92974070588  1.9108245  0.00402879854168
  17  1.89741552941  1.91003573702  0.00386825234413
  18  1.875864  1.90813730719  0.00409277091057
  19  1.91672564706  1.90858932508  0.00390224318819
  20  1.90082917647  1.90820131765  0.00372637125663
  1  1.79564982857  1.79564982857  0
  2  1.76412297143  1.7798864  0.0111464272376
  3  1.79759268571  1.78578849524  0.00885675968996
  4  1.74504502857  1.77560262857  0.0110425378844
  5  1.79819977143  1.78012205714  0.00971495132075
  6  1.78926034286  1.78164510476  0.00821431203687
  7  1.81924845714  1.78701701224  0.00862022725782
  8  1.7742048  1.78541548571  0.00769003135724
  9  1.77859977143  1.78465818413  0.00687277117685
  10  1.82508297143  1.78870066286  0.00727789857111
  11  1.81025371429  1.79066003117  0.00687496621841
  12  1.80646765714  1.79197733333  0.0064270165664
  13  1.80394514286  1.79289793407  0.00599820137273
  14  1.81090194286  1.79418393469  0.00570595110772
  15  1.81624594286  1.79565473524  0.0055118569112
  16  1.80755794286  1.79639868571  0.0052173308107
  17  1.80076388571  1.79665546218  0.00491674370122
  18  1.7975264  1.79670384762  0.00464382934662
  19  1.79383497143  1.79655285414  0.00440187135763
  20  1.79876297143  1.79666336  0.00418316464553
  1  1.69771333333  1.69771333333  0
  2  1.68365466667  1.690684  0.00497048926723
  3  1.68931066667  1.69022622222  0.00333467335041
  4  1.66637466667  1.68426333333  0.00573777474286
  5  1.69975555556  1.68736177778  0.00536194033351
  6  1.69132311111  1.688022  0.00450874737772
  7  1.68634133333  1.68778190476  0.00387102798497
  8  1.70477955556  1.68990661111  0.0039271951292
  9  1.69927022222  1.69094701235  0.00362603487447
  10  1.69498755556  1.69135106667  0.00328586644932
  11  1.70993022222  1.69304008081  0.00339359678636
  12  1.67315688889  1.69138314815  0.00349194768934
  13  1.67365333333  1.69001931624  0.00347949058875
  14  1.69450133333  1.69033946032  0.0032456501817
  15  1.70583911111  1.69137277037  0.00318952122476
  16  1.67271066667  1.69020638889  0.00319633716895
  17  1.67049511111  1.68904690196  0.00321174410406
  18  1.66637333333  1.68778725926  0.00327101556414
  19  1.68483422222  1.68763183626  0.00310254713149
  20  1.69219022222  1.68785975556  0.00295577962232
  1  1.59016216216  1.59016216216  0
  2  1.57138897297  1.58077556757  0.00663732469007
  3  1.57975264865  1.58043459459  0.00443363271641
  4  1.58416432432  1.58136702703  0.00342186950428
  5  1.58514118919  1.58212185946  0.00281952119687
  6  1.5895692973  1.5833630991  0.00260854775361
  7  1.60619675676  1.58662505019  0.00375759480506
  8  1.5935027027  1.58748475676  0.00338481387568
  9  1.58485145946  1.58719216817  0.00302134288717
  10  1.59021491892  1.58749444324  0.00273428758562
  11  1.59210940541  1.58791398526  0.0025176969755
  12  1.60724151351  1.58952461261  0.00277566116758
  13  1.61054875676  1.59114185447  0.00299647917572
  14  1.62119351351  1.59328840154  0.00346706581351
  15  1.58671048649  1.59284987387  0.00326354358081
  16  1.58384908108  1.59228732432  0.00310767832938
  17  1.61131589189  1.59340665183  0.00311994882952
  18  1.58180454054  1.59276209009  0.00301246383682
  19  1.60131545946  1.59321226743  0.00288735404271
  20  1.56546291892  1.5918248  0.00305823259876
  1  1.48916210526  1.48916210526  0
  2  1.50879831579  1.49898021053  0.00694244880998
  3  1.50474905263  1.50090315789  0.00488736172191
  4  1.50904336842  1.50293821053  0.00406720121801
  5  1.51851242105  1.50605305263  0.0042835445079
  6  1.50063663158  1.50515031579  0.00366350944741
  7  1.52545431579  1.50805088722  0.00413182290817
  8  1.48938821053  1.50571805263  0.00422286305114
  9  1.53202778947  1.50864135673  0.00465683557264
  10  1.51803621053  1.50958084211  0.00428487161039
  11  1.51534821053  1.51010514833  0.00392728445192
  12  1.49242063158  1.5086314386  0.00386664101222
  13  1.48629936842  1.50691358704  0.00393233418209
  14  1.48663663158  1.50546523308  0.00390909217656
  15  1.509776  1.50575261754  0.00365903459421
  16  1.49100547368  1.50483092105  0.00354453036362
  17  1.50407073684  1.50478620433  0.00333631063187
  18  1.51236084211  1.50520701754  0.00317738807074
  19  1.50069136842  1.5049693518  0.00301903262577
  20  1.48532042105  1.50398690526  0.00302371125106
  1  1.41376615385  1.41376615385  0
  2  1.41818584615  1.415976  0.0015625972008
  3  1.44763035897  1.42652745299  0.00867797852443
  4  1.43492882051  1.42862779487  0.00675787981546
  5  1.42912902564  1.42872804103  0.00540704732522
  6  1.44694112821  1.43176355556  0.00528975549023
  7  1.43573661538  1.43233113553  0.00456442465354
  8  1.42668471795  1.43162533333  0.00404807328022
  9  1.40187774359  1.42832004558  0.00476011746101
  10  1.47420676923  1.43290871795  0.0061076905979
  11  1.45389620513  1.43481667133  0.00584285953638
  12  1.44829866667  1.43594017094  0.00546290336469
  13  1.44168574359  1.43638213807  0.00506052675626
  14  1.41590851282  1.43491973626  0.00490581600478
  15  1.44921805128  1.43587295726  0.00467045102274
  16  1.43764184615  1.43598351282  0.00437985613413
  17  1.40729025641  1.43429567421  0.00443552704756
  18  1.4139614359  1.4331659943  0.00433057861944
  19  1.45923528205  1.43453806208  0.00431453966375
  20  1.45166523077  1.43539442051  0.00418293529359
  1  1.3545332  1.3545332  0
  2  1.3562716  1.3554024  0.000614617214155
  3  1.3607716  1.35719213333  0.00151766962101
  4  1.3663212  1.3594744  0.00228082747266
  5  1.3531996  1.35821944  0.00214227239531
  6  1.3677036  1.35980013333  0.00229547270495
  7  1.3767256  1.36221805714  0.00298033675284
  8  1.3501264  1.3607066  0.00296640065399
  9  1.36787  1.36150253333  0.00274150272499
  10  1.3628588  1.36163816  0.00247070501239
  11  1.3779764  1.36312345455  0.00265527591656
  12  1.3622244  1.36304853333  0.00243505968183
  13  1.3769848  1.36412055385  0.00247248745104
  14  1.3598968  1.36381885714  0.00231421475089
  15  1.360388  1.36359013333  0.00217120722693
  16  1.365354  1.363700375  0.0020383035791
  17  1.3644436  1.36374409412  0.00191887217208
  18  1.3712348  1.36416024444  0.0018568456628
  19  1.367024  1.36431096842  0.00176522363156
  20  1.3538084  1.36378584  0.00175333251961
  1  1.28247492683  1.28247492683  0
  2  1.30537756098  1.2939262439  0.00809730395596
  3  1.29944117073  1.29576455285  0.00560299130468
  4  1.26356643902  1.28771502439  0.00813971937581
  5  1.30149697561  1.29047141463  0.00696285644777
  6  1.30074068293  1.29218295935  0.00600905753193
  7  1.26669229268  1.28854143554  0.0061559081041
  8  1.29179707317  1.28894839024  0.00539985431524
  9  1.27857404878  1.28779568564  0.00492136650907
  10  1.30297756098  1.28931387317  0.00465751877996
  11  1.30319219512  1.2905755388  0.00440167711925
  12  1.29880702439  1.29126149593  0.00408797104459
  13  1.29772643902  1.29175879925  0.00380364003266
  14  1.30853814634  1.29295732404  0.00371598417383
  15  1.28677892683  1.29254543089  0.00349100512439
  16  1.29238165854  1.29253519512  0.00327283230993
  17  1.29422087805  1.29263435294  0.00308181450085
  18  1.30279570732  1.29319887263  0.00296185504343
  19  1.29054868293  1.29305938896  0.00280925039238
  20  1.30366321951  1.29358958049  0.00271835917659
