  1  0.376904310272  0.376904310272  0
  2  0.332223819648  0.35456406496  0.0157969389535
  3  0.338896460672  0.349341530197  0.0113618383552
  4  0.3344757632  0.345625088448  0.00910894343694
  5  0.322808345472  0.341061739853  0.00835236162201
  6  0.353973639168  0.343213723072  0.00723221875033
  7  0.330976726528  0.341465580709  0.00640683888792
  8  0.3045959552  0.33685687752  0.00707192928807
  9  0.356103633792  0.338995405995  0.0066015875919
  10  0.334521849728  0.338548050368  0.00595656704194
  11  0.294439115648  0.334538147212  0.00662875944048
  12  0.3035559392  0.331956296544  0.00655992697544
  13  0.345895643008  0.333028553964  0.00614232539331
  14  0.343203915648  0.333755365513  0.00574642820035
  15  0.323054355328  0.333041964834  0.0054074348715
  16  0.335562340352  0.333199488304  0.00507176407365
  17  0.327293874048  0.33285209923  0.00478530738039
  18  0.328304337792  0.332599445817  0.00452612182061
  19  0.309819514368  0.331400502056  0.00444386524447
  20  0.309073502208  0.330284152064  0.00435963757278
  1  0.386601907729  0.386601907729  0
  2  0.393732737481  0.390167322605  0.0025211290366
  3  0.402136749064  0.394157131425  0.0036656940072
  4  0.406981172893  0.397363141792  0.00390734758712
  5  0.393083344502  0.396507182334  0.00321826769884
  6  0.405916150585  0.398075343709  0.00304003416234
  7  0.405367643398  0.399117100808  0.00277851049249
  8  0.39479805366  0.398577219914  0.00248309378762
  9  0.385726370909  0.397149347802  0.00258534152713
  10  0.398431087709  0.397277521793  0.00232998246181
  11  0.395709352727  0.397134960969  0.00212252271153
  12  0.388504584463  0.396415762927  0.00206389913945
  13  0.394607483874  0.396276664538  0.00190981924724
  14  0.402238793944  0.396702530924  0.00182026591983
  15  0.384660377494  0.395899720696  0.00186757838091
  16  0.408135202274  0.396664438294  0.00190098283416
  17  0.401422500919  0.396944324331  0.00180964715157
  18  0.402116519035  0.397231668481  0.00173177386327
  19  0.379266985679  0.39628615886  0.00188111568748
  20  0.396776138155  0.396310657825  0.00178721942878
  1  0.423630048356  0.423630048356  0
  2  0.434654275467  0.429142161911  0.00389765287381
  3  0.424698111644  0.427660811822  0.00286614685624
  4  0.414918661689  0.424475274289  0.00349736483592
  5  0.424037773867  0.424387774204  0.00279898623094
  6  0.424348102756  0.424381162296  0.00233249633526
  7  0.421222591911  0.423929937956  0.00204246126325
  8  0.425654285422  0.424145481389  0.00179849092555
  9  0.407782222222  0.422327341481  0.00234393888979
  10  0.424999750756  0.422594582409  0.0021247249357
  11  0.41996942  0.422355931281  0.0019449247047
  12  0.424483286667  0.422533210896  0.00179090892724
  13  0.418287977867  0.422206654509  0.00168265566492
  14  0.4284672248  0.422653838102  0.00162079896635
  15  0.436340952089  0.423566312367  0.00175085737819
  16  0.417898702133  0.423212086728  0.0016768786615
  17  0.415429943467  0.422754313595  0.00163953253239
  18  0.424431997778  0.422847518272  0.00155109439408
  19  0.433650272356  0.423416084276  0.00157021004871
  20  0.412953577867  0.422892958956  0.00157643415093
  1  0.438070311309  0.438070311309  0
  2  0.434647857988  0.436359084649  0.00121001997568
  3  0.407937653851  0.426885274383  0.00777728229517
  4  0.423246025165  0.425975462078  0.0058859375859
  5  0.433244162348  0.427429202132  0.00488497853888
  6  0.422860545439  0.42666775935  0.00412973377016
  7  0.404819927934  0.423546640576  0.00456943549686
  8  0.425690696028  0.423814647508  0.00400610793293
  9  0.421843554765  0.423595637203  0.00356696635341
  10  0.4340458368  0.424640657163  0.00335986483468
  11  0.440794563711  0.426109194122  0.0033600659905
  12  0.427682882348  0.426240334807  0.00308261858698
  13  0.430919809591  0.426600294406  0.00286643340763
  14  0.43358803609  0.427099418812  0.0027047947059
  15  0.421882628847  0.426751632814  0.00254673629367
  16  0.420185372781  0.426341241562  0.00242040546447
  17  0.419755141302  0.4259538239  0.00230882613253
  18  0.432780959886  0.426333109232  0.00221149237856
  19  0.433594198343  0.426715271817  0.00212786214328
  20  0.437129987863  0.427236007619  0.00208421317311
  1  0.443298080392  0.443298080392  0
  2  0.440033235004  0.441665657698  0.0011542971566
  3  0.432367696392  0.438566337263  0.00264500221949
  4  0.441339035102  0.439259511722  0.00207259228763
  5  0.423136377208  0.43603488482  0.00332682788196
  6  0.430178376882  0.435058800163  0.00291202884407
  7  0.445780304914  0.436590443699  0.00287070343464
  8  0.429206363363  0.435667433657  0.00265611039156
  9  0.439330282841  0.4360744169  0.00239196386148
  10  0.43450121822  0.435917097032  0.002157934751
  11  0.431897332245  0.435551663869  0.00199246056722
  12  0.440831580996  0.435991656963  0.00187437432215
  13  0.4395898752  0.436268442981  0.00175050868062
  14  0.428655306122  0.435724647492  0.00170784996064
  15  0.425678863673  0.43505492857  0.00172030128198
  16  0.435558733322  0.435086416367  0.00161307059697
  17  0.432924934269  0.434959270362  0.00152318682186
  18  0.441541817731  0.435324967438  0.00148181472492
  19  0.434322567249  0.435272209533  0.00140476334734
  20  0.434555714286  0.435236384771  0.00133498190958
  1  0.439479371321  0.439479371321  0
  2  0.424984631467  0.432232001394  0.00512466442123
  3  0.422522857244  0.428995620011  0.00431912707825
  4  0.436052068978  0.430759732252  0.00358153975688
  5  0.450342547911  0.434676295384  0.00452560788305
  6  0.424294190421  0.432945944557  0.00408877728031
  7  0.429026188174  0.432385979359  0.00354280285175
  8  0.433608678457  0.432538816747  0.00310324746541
  9  0.4382549888  0.433173946975  0.00282268889078
  10  0.443896759125  0.43424622819  0.00273652006913
  11  0.432527309881  0.434089962889  0.00249220318365
  12  0.43797934171  0.434414077791  0.00230549907787
  13  0.453161352306  0.43585617583  0.00253943086113
  14  0.438646843108  0.436055509207  0.00236585337362
  15  0.44466191451  0.436629269561  0.00227664039657
  16  0.439675875556  0.436819682436  0.00214229841664
  17  0.4321283968  0.436543724457  0.00203397683037
  18  0.439914668715  0.436730999138  0.00192958034315
  19  0.439095615488  0.43685545263  0.0018320325687
  20  0.432069732978  0.436616166647  0.00175598825459
  1  0.4433529582  0.4433529582  0
  2  0.44093704395  0.442145001075  0.000854154674475
  3  0.43053370755  0.4382745699  0.00321108748824
  4  0.43601526555  0.437709743812  0.0024574896722
  5  0.44804320595  0.43977643624  0.00269853619299
  6  0.4429069438  0.4402981875  0.00229866610439
  7  0.43354311395  0.439333176993  0.00216338487926
  8  0.43263568795  0.438495990862  0.00204855431951
  9  0.4359258968  0.438210424856  0.00184073334551
  10  0.44298085195  0.438687467565  0.00171736285155
  11  0.4444399758  0.439210422859  0.00163892870358
  12  0.4513314528  0.440220508687  0.00178670368627
  13  0.44713176595  0.440752143862  0.00172654845773
  14  0.43506603995  0.440345993582  0.00165030334796
  15  0.4400568352  0.440326716357  0.00154039570947
  16  0.4439583678  0.440553694572  0.00146074794671
  17  0.45145258755  0.441194805924  0.00150896663979
  18  0.4371650302  0.440970929494  0.00144164711297
  19  0.43074958  0.440432963732  0.00146270485458
  20  0.43201489355  0.440012060222  0.00144886351391
  1  0.437129454771  0.437129454771  0
  2  0.435493639264  0.436311547017  0.000578348118977
  3  0.44800778519  0.440210293075  0.0032065778075
  4  0.437876278522  0.439626789437  0.00245745026744
  5  0.431247019139  0.437950835377  0.0024722575049
  6  0.439217241954  0.43816190314  0.00206920487465
  7  0.447174949204  0.439449481149  0.00213698202568
  8  0.439711860883  0.439482278616  0.00187011093613
  9  0.441190345035  0.439672063774  0.00167192311721
  10  0.444767459477  0.440181603344  0.00158046901688
  11  0.439813493769  0.440148138837  0.00143714425677
  12  0.449338597913  0.440914010427  0.00150770531103
  13  0.451851806826  0.441755379381  0.00160945783012
  14  0.447104920847  0.442137489485  0.00153918775247
  15  0.434325722087  0.441616704992  0.00152213133362
  16  0.431478674868  0.440983078109  0.00155329134
  17  0.441690696592  0.441024702726  0.00146247887658
  18  0.44380805399  0.441179333352  0.00138938069419
  19  0.440592057976  0.441148424122  0.00131659916484
  20  0.442318921522  0.441206948992  0.00125206929144
  1  0.441074302064  0.441074302064  0
  2  0.440852875022  0.440963588543  7.8286281437e-05
  3  0.441568273343  0.441165150143  0.000172651685004
  4  0.441285027714  0.441195119536  0.000132064239314
  5  0.434512668286  0.439858629286  0.00120005298505
  6  0.437150912158  0.439407343098  0.00108157493033
  7  0.430908934321  0.438193284701  0.00145699119017
  8  0.437775694973  0.438141085985  0.00127580199419
  9  0.439936486558  0.438340574938  0.00114953682167
  10  0.446892224435  0.439195739887  0.00131473900626
  11  0.435990254262  0.438904332103  0.00122708719167
  12  0.436871891398  0.438734962044  0.00113645856084
  13  0.433419969422  0.438326116458  0.00112016909124
  14  0.435222922706  0.438104459762  0.0010618610535
  15  0.432371768731  0.43772228036  0.00105761243441
  16  0.439542957037  0.437836072652  0.000997614534491
  17  0.439471773669  0.437932290359  0.00094355991008
  18  0.434953370232  0.437766794796  0.00090553715027
  19  0.44064217679  0.437918130691  0.00087043128259
  20  0.43676204559  0.437860326436  0.000828826850306
  1  0.427076270307  0.427076270307  0
  2  0.429858065693  0.428467168  0.000983513190705
  3  0.424525882114  0.427153406038  0.00125720217332
  4  0.421562702715  0.425755730207  0.00153433594102
  5  0.425162137565  0.425637011679  0.00123205308747
  6  0.425652483688  0.425639590347  0.00102671360478
  7  0.426718687344  0.425793747061  0.000891538111712
  8  0.431815705494  0.426546491865  0.00105087876526
  9  0.429116856235  0.426832087906  0.000972148204042
  10  0.427459442739  0.426894823389  0.0008769552968
  11  0.432299918502  0.427386195672  0.000924703206845
  12  0.426632757008  0.427323409117  0.000849773509499
  13  0.429403911481  0.42748344776  0.000799334382214
  14  0.42644779598  0.427409472633  0.00074565425991
  15  0.432415783712  0.427743226705  0.000767009569323
  16  0.424078573952  0.427514185908  0.000752492350156
  17  0.425893102271  0.427418828047  0.00071424454191
  18  0.428832176718  0.427497347418  0.000678866523066
  19  0.43172895188  0.427720063442  0.000678687406771
  20  0.434519122119  0.428060016376  0.000724911080991
  1  0.4219064192  0.4219064192  0
  2  0.422294994432  0.422100706816  0.000137382090779
  3  0.426049172352  0.423416861995  0.00107853203123
  4  0.418799162592  0.422262437144  0.00128601717795
  5  0.422829628928  0.422375875501  0.00103380478094
  6  0.427266842592  0.423191036683  0.0011383887334
  7  0.414318627712  0.421923549687  0.00152614907295
  8  0.414583311328  0.421006019892  0.00158740959595
  9  0.418070507232  0.420679851819  0.00144415122874
  10  0.412846266368  0.419896493274  0.0014971972128
  11  0.421552668128  0.420047054624  0.00136863782382
  12  0.425190012128  0.420475634416  0.00131998356697
  13  0.4209812992  0.420514531707  0.0012190193477
  14  0.413091575008  0.419984320514  0.00124191247385
  15  0.412271929568  0.419470161118  0.00126106746318
  16  0.4170982272  0.419321915248  0.00119093245556
  17  0.418989377248  0.419302354189  0.00112103823886
  18  0.422568390528  0.419483800652  0.0010733419721
  19  0.415613298688  0.419280090023  0.0010360011705
  20  0.421835662848  0.419407868664  0.000992049817759
  1  0.412446645232  0.412446645232  0
  2  0.406889014306  0.409667829769  0.00196491925759
  3  0.407290708143  0.408875455894  0.00146100303838
  4  0.410465259073  0.409272906688  0.00114854186133
  5  0.414086092336  0.410235543818  0.0012592025949
  6  0.409643655372  0.410136895744  0.0010531925361
  7  0.411419473734  0.410320121171  0.000918536191871
  8  0.412802456642  0.410630413105  0.000854523521941
  9  0.402626798701  0.409741122615  0.00113133688057
  10  0.405113608678  0.409278371222  0.00110881139441
  11  0.414346658859  0.409739124643  0.00109958136114
  12  0.407992017676  0.409593532396  0.00101754264538
  13  0.406762935757  0.409375794193  0.000962284465603
  14  0.412886471082  0.409626556828  0.000925646632794
  15  0.408427647594  0.409546629546  0.000867380754023
  16  0.41058269678  0.409611383748  0.000815582983612
  17  0.407348286229  0.409478260364  0.000778396216493
  18  0.405139223684  0.409237202771  0.000771575618895
  19  0.406857229671  0.409111941029  0.000741064457778
  20  0.407931053685  0.409052896662  0.000706359500735
  1  0.398958480688  0.398958480688  0
  2  0.398638280992  0.39879838084  0.00011320768813
  3  0.395745929283  0.397780896987  0.000834193173818
  4  0.396255045712  0.397399434169  0.000707507546165
  5  0.39782566199  0.397484679733  0.000571118445536
  6  0.394819326704  0.397040454228  0.000625266519708
  7  0.398130150506  0.397196125125  0.000554982991557
  8  0.400355242949  0.397591014853  0.000610133466083
  9  0.403497063643  0.398247242496  0.000822751496347
  10  0.398005272727  0.398223045519  0.000740832075684
  11  0.389926120489  0.397468779608  0.000985280484746
  12  0.393816478572  0.397164421188  0.000949019186492
  13  0.396627392106  0.397123111258  0.000876916341245
  14  0.397386398651  0.397141917501  0.00081448109297
  15  0.395250103114  0.397015796542  0.000769885234124
  16  0.396319143141  0.396972255704  0.000722997584052
  17  0.392711198651  0.396721605289  0.000722611328488
  18  0.398126765382  0.396799669739  0.000686669999547
  19  0.398032658089  0.396864563863  0.00065358870727
  20  0.399369749977  0.396989823168  0.000632798327215
  1  0.382440914293  0.382440914293  0
  2  0.384791518222  0.383616216257  0.000831063989014
  3  0.384101208922  0.383777880479  0.000569549660211
  4  0.379517123025  0.382712691115  0.00101658195385
  5  0.382502397  0.382670632292  0.000814135143436
  6  0.386092199537  0.3832408935  0.000855153269859
  7  0.382625203442  0.383152937777  0.000737497933888
  8  0.385055741072  0.383390788189  0.000682588533107
  9  0.382880988286  0.383334143755  0.00060909114005
  10  0.384738997378  0.383474629118  0.000564150739596
  11  0.387438659533  0.383834995519  0.000617323196861
  12  0.382099939714  0.383690407535  0.000582566101878
  13  0.383211198282  0.383653545285  0.000538918304387
  14  0.385262938398  0.383768501936  0.000512538213653
  15  0.388329947971  0.384072598338  0.000561379147033
  16  0.384492864145  0.384098864951  0.000526907092
  17  0.386069464802  0.384214782589  0.000508503448766
  18  0.381266863643  0.384051009315  0.000505939505196
  19  0.38709547641  0.384211244425  0.000504046723856
  20  0.383414977355  0.384171431071  0.000480414191669
  1  0.368618946467  0.368618946467  0
  2  0.372146957422  0.370382951944  0.00124734023539
  3  0.372849093689  0.371204999193  0.00106864403804
  4  0.373656934911  0.371817983122  0.000961346461226
  5  0.369821253333  0.371418637164  0.000847974909444
  6  0.371468302222  0.371426914674  0.000706686157181
  7  0.372611259644  0.371596106813  0.000625656925645
  8  0.369520977222  0.371336715614  0.000598811000373
  9  0.371640248089  0.371370441444  0.000533225340748
  10  0.369367010133  0.371170098313  0.000516168903575
  11  0.372240424444  0.371267400689  0.000478327721027
  12  0.374125280356  0.371505557328  0.000494211912111
  13  0.3688666878  0.371302567364  0.000496134811687
  14  0.372771701689  0.37140750553  0.000471663877334
  15  0.369108286578  0.371254224267  0.000464458949215
  16  0.370648130644  0.371216343415  0.000436972298379
  17  0.369522089756  0.371116681435  0.000422480354835
  18  0.373212842578  0.371233134832  0.000414748530697
  19  0.371373621133  0.371240528848  0.000392985564312
  20  0.370615594311  0.371209282121  0.000374576457561
  1  0.359877936558  0.359877936558  0
  2  0.357866264248  0.358872100403  0.000711233565866
  3  0.355812247777  0.357852149528  0.000958309360231
  4  0.357054542971  0.357652747889  0.000739186361567
  5  0.36281460908  0.358685120127  0.00109650704336
  6  0.358473218273  0.358649803151  0.000914324448048
  7  0.356652455035  0.358364467706  0.000827031775801
  8  0.358059800146  0.358326384261  0.000724529113063
  9  0.357304135168  0.358212801029  0.000652868303271
  10  0.356871017902  0.358078622716  0.000601211630769
  11  0.35789567572  0.358061991171  0.000546786021945
  12  0.36081686526  0.358291564012  0.000547296742989
  13  0.359704545505  0.358400254896  0.000515876888191
  14  0.356932812472  0.35829543758  0.000489561281978
  15  0.35405820885  0.358012955664  0.000532217731502
  16  0.358265141248  0.358028717263  0.000499187458169
  17  0.356119699784  0.357916422117  0.0004822888503
  18  0.355200466104  0.357765535672  0.000478516059978
  19  0.358281258926  0.357792679001  0.000454100190285
  20  0.356807401452  0.357743415124  0.00043405919543
  1  0.343896485037  0.343896485037  0
  2  0.345380519839  0.344638502438  0.000524685536144
  3  0.341743769827  0.343673591568  0.000862006546258
  4  0.342743550769  0.343441081368  0.000677136871653
  5  0.348728  0.344498465094  0.00108990708565
  6  0.346003024587  0.34474922501  0.000936658547403
  7  0.343924868374  0.344631459776  0.00081021961939
  8  0.343609306869  0.344503690663  0.000718945981393
  9  0.34196635022  0.344221763947  0.000692136477747
  10  0.34626455432  0.344426042984  0.000652372427881
  11  0.341367020895  0.344147950067  0.000649640092559
  12  0.340797379408  0.343868735845  0.000652754308644
  13  0.346904130178  0.344102227717  0.000642947989656
  14  0.343762791006  0.344077982238  0.000597480105194
  15  0.342999794291  0.344006103041  0.000561955139693
  16  0.343285496729  0.343961065147  0.000528634643694
  17  0.341387233628  0.343809663293  0.000518766503365
  18  0.342936870608  0.34376117481  0.000492207005801
  19  0.347457706869  0.343955729129  0.000503285382515
  20  0.340588148639  0.343787350105  0.000505503432398
  1  0.329937433635  0.329937433635  0
  2  0.331164771573  0.330551102604  0.000433929489393
  3  0.327703298037  0.329601834415  0.000827300817001
  4  0.331468994388  0.330068624408  0.000740546865063
  5  0.33376623432  0.330808146391  0.000887973193216
  6  0.331302040248  0.330890462033  0.000743783229861
  7  0.330859262876  0.330886005011  0.000637541836656
  8  0.330228740758  0.330803846979  0.000563117950034
  9  0.331633106612  0.330895986939  0.000508031548923
  10  0.33027189695  0.33083357794  0.000461045766849
  11  0.329179045469  0.330683165897  0.000442988871751
  12  0.331424745789  0.330744964221  0.000410361022801
  13  0.327663599074  0.330507936133  0.000441979740781
  14  0.329320842359  0.330423143721  0.000418464299465
  15  0.330056353958  0.33039869107  0.000391280463516
  16  0.330760702174  0.330421316764  0.000367479014818
  17  0.331962465694  0.330511972583  0.000356869692365
  18  0.328593785574  0.330405406638  0.000352595777376
  19  0.327105181867  0.330231710598  0.000374384640103
  20  0.33382527094  0.330411388615  0.000396444022355
  1  0.320348758139  0.320348758139  0
  2  0.319937989731  0.320143373935  0.000145228563455
  3  0.31717779551  0.319154847793  0.00081291443701
  4  0.318435419363  0.318974990686  0.000629268021517
  5  0.320096222024  0.319199236953  0.000541899609097
  6  0.318892040816  0.319148037597  0.000453995254525
  7  0.318434317322  0.319046077558  0.000400424432067
  8  0.319955910514  0.319159806678  0.000366166118198
  9  0.317985937698  0.319029376791  0.000347936223312
  10  0.322078179771  0.319334257089  0.00042628052392
  11  0.317982712147  0.319211389367  0.000404847905214
  12  0.319046112245  0.319197616273  0.00037134478905
  13  0.316517634465  0.318991463827  0.000395888475902
  14  0.317610435331  0.318892818934  0.000379701729904
  15  0.319824222547  0.318954912508  0.000359429582868
  16  0.318995394286  0.318957442619  0.000336974138851
  17  0.318951934678  0.318957118623  0.000317152286443
  18  0.317963868996  0.318901938088  0.000304295215419
  19  0.320588476718  0.318990703279  0.000300948058491
  20  0.318896932424  0.318986014736  0.000285937175208
  1  0.306417069264  0.306417069264  0
  2  0.305461745252  0.305939407258  0.000337758043701
  3  0.303978134845  0.305285649787  0.000579340138932
  4  0.303891958244  0.304937226901  0.000529002425398
  5  0.305397928622  0.305029367245  0.000431151663235
  6  0.306958689043  0.305350920878  0.000463956298276
  7  0.308922170125  0.305861099342  0.000617451027709
  8  0.304949364829  0.305747132528  0.000550687002112
  9  0.304455439387  0.305603611068  0.000507857769516
  10  0.306707549207  0.305714004882  0.000468916752873
  11  0.304960914279  0.3056455421  0.000431256849417
  12  0.306616561556  0.305726460388  0.000402838750166
  13  0.304525812296  0.305634102842  0.000382291838189
  14  0.31058550069  0.305987774117  0.000492100997742
  15  0.306790929275  0.306041317794  0.00046219802949
  16  0.30526261999  0.305992649181  0.000435865479193
  17  0.303927700227  0.305871181596  0.000426816253841
  18  0.309159705493  0.306053877368  0.000440472989024
  19  0.304969159001  0.305996786928  0.000420973736036
  20  0.305311999148  0.305962547539  0.000401315043297
  1  0.292036097365  0.292036097365  0
  2  0.292567878983  0.292301988174  0.000188013194022
  3  0.292876336014  0.292493437454  0.000200364336298
  4  0.295313031111  0.293198335868  0.000628683848303
  5  0.294741672334  0.293507003162  0.000573738757806
  6  0.287586005319  0.292520170188  0.00101986632563
  7  0.291718628921  0.292405664293  0.000880575771749
  8  0.29139422821  0.292279234782  0.000779527084005
  9  0.291470990777  0.292189429893  0.0006980667527
  10  0.291683770311  0.292138863935  0.000630088842471
  11  0.29054944869  0.29199437164  0.00058914265699
  12  0.2924101632  0.292029020936  0.000541065392183
  13  0.290472286421  0.291909272127  0.000512525124149
  14  0.291836511516  0.291904074941  0.000475942536638
  15  0.29431280475  0.292064656928  0.000470523845744
  16  0.291880479801  0.292053145858  0.000441256888475
  17  0.290879954133  0.29198413458  0.000420662566934
  18  0.293322626788  0.292058495258  0.000403811324587
  19  0.292638243897  0.292089008344  0.000383709191245
  20  0.289537307932  0.291961423324  0.000385151387854
  1  0.28069399634  0.28069399634  0
  2  0.283444752303  0.282069374322  0.00097253909725
  3  0.283744849728  0.282627866124  0.000792661321896
  4  0.284284661811  0.283042065046  0.000694331364597
  5  0.284082104488  0.283250072934  0.000585794582936
  6  0.280262425294  0.282752131661  0.000667025896702
  7  0.281302264155  0.282545007731  0.000603037569766
  8  0.280194486996  0.282251192639  0.000594944725342
  9  0.283736056275  0.282416177488  0.000551241365559
  10  0.284536756132  0.282628235352  0.000535354078168
  11  0.282668876507  0.282631930003  0.000486698274423
  12  0.280527708637  0.282456578222  0.000476683194954
  13  0.28214515798  0.282432622819  0.000440616777314
  14  0.282512083247  0.282438298564  0.000409180704394
  15  0.28296699193  0.282473544788  0.000383417014663
  16  0.281651173774  0.2824221466  0.00036288213861
  17  0.282260252557  0.282412623421  0.000341661066826
  18  0.283076260082  0.282449492124  0.000324663056298
  19  0.282918029666  0.282474151995  0.000308510629135
  20  0.280860903226  0.282393489556  0.000303446835557
  1  0.269774012887  0.269774012887  0
  2  0.27045746755  0.270115740219  0.000241637713241
  3  0.2691487992  0.269793426546  0.00030855789307
  4  0.26703111155  0.269102847797  0.00064127119178
  5  0.27107072555  0.269496423347  0.000622179849993
  6  0.267169552987  0.269108611621  0.000627818803558
  7  0.268833105888  0.269069253659  0.000539362667518
  8  0.26939796795  0.269110342945  0.00047350486267
  9  0.272471218987  0.269483773617  0.000548732234645
  10  0.272952386387  0.269830634894  0.000593446032855
  11  0.272004462887  0.27002825562  0.000571454242252
  12  0.270305524887  0.270051361393  0.000524299968449
  13  0.270428  0.270080333593  0.000484769025628
  14  0.270097266388  0.270081543079  0.000450144175469
  15  0.2698176382  0.27006394942  0.000420478242849
  16  0.271342222187  0.270143841468  0.000401716516175
  17  0.2694149502  0.270100965511  0.000380367366441
  18  0.270420432387  0.270118713671  0.000359649677386
  19  0.27101060555  0.270165655349  0.000343770524852
  20  0.2715879142  0.270236768291  0.000333856256323
  1  0.261066730185  0.261066730185  0
  2  0.258534420205  0.259800575195  0.000895306779394
  3  0.257586566124  0.259062572171  0.00084814750386
  4  0.260921021837  0.259527184588  0.000752685361969
  5  0.258659382056  0.259353624081  0.000621836925658
  6  0.263578828036  0.26005782474  0.000825698123832
  7  0.259572706745  0.25998852217  0.000710643652584
  8  0.257362641208  0.259660287049  0.000693485874495
  9  0.26031357648  0.259732874764  0.000620219160925
  10  0.260510273305  0.259810614618  0.000563048222233
  11  0.25915338548  0.259750866515  0.000515022361721
  12  0.259078091531  0.259694801933  0.000475145586844
  13  0.25925749934  0.259661163272  0.000439785064615
  14  0.258422707071  0.259572702114  0.000417173807006
  15  0.258761302497  0.259518608807  0.000392853600998
  16  0.259288578539  0.259504231915  0.000368563225807
  17  0.260403962781  0.25955715726  0.000350662462673
  18  0.261442634649  0.259661906004  0.000346473266144
  19  0.256436842302  0.259492165809  0.00036747163217
  20  0.261159963269  0.259575555682  0.000358434967994
  1  0.248141111707  0.248141111707  0
  2  0.250208275665  0.249174693686  0.000730852826433
  3  0.246055294627  0.248134894  0.000978870309255
  4  0.249622779527  0.248506865381  0.000801718320522
  5  0.252519402198  0.249309372745  0.000962588128143
  6  0.250807467128  0.249559055142  0.000833910410119
  7  0.252300007098  0.249950619707  0.000801455239673
  8  0.250366550101  0.250002611006  0.000702957678869
  9  0.248512062007  0.249836994451  0.000644065450034
  10  0.247733073672  0.249626602373  0.000613060184625
  11  0.249877493802  0.249649410685  0.000557751559792
  12  0.248865678605  0.249584099678  0.00051508192942
  13  0.248643300883  0.24951173054  0.000480517289759
  14  0.248613522502  0.249447572823  0.000450457369692
  15  0.250201338685  0.24949782388  0.000423220491301
  16  0.250663050143  0.249570650522  0.000402986406335
  17  0.249796862007  0.24958395708  0.000379500950414
  18  0.250349280277  0.249626475035  0.000360791483944
  19  0.249071088764  0.249597244179  0.000342984537407
  20  0.251112167906  0.249672990365  0.000334094687331
  1  0.239434866354  0.239434866354  0
  2  0.239938085992  0.239686476173  0.000177915009543
  3  0.240166145296  0.239846365881  0.000176384464525
  4  0.238465949351  0.239501261748  0.000326837656559
  5  0.241464014629  0.239893812324  0.000437770933491
  6  0.239110192316  0.23976320899  0.000383796882272
  7  0.240322904555  0.239843165499  0.000337194593749
  8  0.239776910106  0.239834883575  0.000295146959251
  9  0.240653550644  0.239925846583  0.000276014356289
  10  0.238410809668  0.239774342891  0.000286996534518
  11  0.238353019256  0.239645131652  0.000288530201937
  12  0.241255344912  0.23977931609  0.000294037178183
  13  0.238955111225  0.239715915716  0.000278170171747
  14  0.239950452099  0.239732668314  0.000258804838741
  15  0.239979871754  0.239749148544  0.000242075329914
  16  0.240885923673  0.239820196989  0.00023714279299
  17  0.239710523967  0.239813745635  0.000223280952662
  18  0.238708591292  0.239752348172  0.00021915543115
  19  0.239067133649  0.239716284249  0.000210567343317
  20  0.238182602198  0.239639600147  0.000213546297053
  1  0.228591942232  0.228591942232  0
  2  0.230309075121  0.229450508677  0.000607098154965
  3  0.231061464652  0.229987494002  0.000596693864862
  4  0.229411374212  0.229843464054  0.000464578278121
  5  0.229941187793  0.229863008802  0.000372073517857
  6  0.228574883467  0.229648321246  0.000366806411507
  7  0.229516571022  0.229629499786  0.000314888005898
  8  0.229977613867  0.229673014046  0.000278517387348
  9  0.228559877442  0.229549332201  0.000273658391928
  10  0.230802218311  0.229674620812  0.000273473095534
  11  0.229211484198  0.229632517483  0.000251832118561
  12  0.23005752557  0.229667934824  0.000233323341251
  13  0.230144635891  0.229704604137  0.000218237861571
  14  0.23047118  0.229759359556  0.000209405822744
  15  0.229938131595  0.229771277692  0.000195784295569
  16  0.22997782241  0.229784186736  0.000183972864037
  17  0.229368934232  0.229759760119  0.00017476500477
  18  0.231092444444  0.229833798137  0.000180056998847
  19  0.228900410627  0.229784672478  0.000177155176863
  20  0.228274979398  0.229709187824  0.000183676501645
  1  0.222302536508  0.222302536508  0
  2  0.219674900747  0.220988718628  0.000929009532545
  3  0.221061093035  0.22101284343  0.000619652849301
  4  0.221470029454  0.221127139936  0.000475163865046
  5  0.221800429964  0.221261797942  0.000398755401092
  6  0.220529566677  0.221139759398  0.000350473843339
  7  0.220613141729  0.221064528302  0.000308374840812
  8  0.22081414428  0.221033230299  0.000271411608493
  9  0.220074854512  0.220926744101  0.000261310634729
  10  0.221134406601  0.220947510351  0.000236003271507
  11  0.219103569755  0.220779879388  0.000267538053175
  12  0.220283569311  0.220738520215  0.000248419539222
  13  0.221037118373  0.220761489304  0.000230369767697
  14  0.221407412257  0.220807626658  0.00021848602595
  15  0.221080401381  0.220825811639  0.00020467567602
  16  0.21943266244  0.220738739814  0.000209587489452
  17  0.222533703798  0.220844325931  0.000222269380923
  18  0.219872336185  0.220790326501  0.000216381151112
  19  0.221012880512  0.22080203987  0.000205309464809
  20  0.220769210577  0.220800398405  0.000195050553277
  1  0.212705311832  0.212705311832  0
  2  0.213965702161  0.213335506996  0.00044561527432
  3  0.213488529339  0.213386514444  0.000299981934453
  4  0.211839747227  0.212999822639  0.00040344369702
  5  0.211808272301  0.212761512572  0.000386786909442
  6  0.212283719765  0.212681880437  0.00033041813316
  7  0.213313452853  0.212772105068  0.000295277160235
  8  0.213185528873  0.212823783044  0.000262850831141
  9  0.211683080652  0.212697038334  0.000262429761494
  10  0.211821435249  0.212609478025  0.000250368377457
  11  0.213488872164  0.212689422947  0.000240032081171
  12  0.212774027479  0.212696473324  0.00022013292752
  13  0.211309188999  0.212589759146  0.000227600549637
  14  0.211983494019  0.212546454494  0.000215423681107
  15  0.213011203227  0.212577437743  0.000203277970449
  16  0.212513544146  0.212573444393  0.000190612317487
  17  0.214086853106  0.212662468435  0.000199106467666
  18  0.213974537609  0.212735361167  0.000200945478224
  19  0.211774736842  0.212684801992  0.000196627059079
  20  0.213269473897  0.212714035587  0.000188956367356
  1  0.204776269288  0.204776269288  0
  2  0.204015047035  0.204395658162  0.000269132708455
  3  0.203876109768  0.204222475364  0.000228444826339
  4  0.204892567311  0.204389998351  0.00022450650902
  5  0.205912188684  0.204694436417  0.000326196351365
  6  0.203710431339  0.204530435571  0.000310330908463
  7  0.202574738186  0.20425105023  0.000371025850371
  8  0.201742910409  0.203937532753  0.000437495867679
  9  0.20371742141  0.203913075937  0.000389568206227
  10  0.20467885262  0.203989653605  0.00035805875087
  11  0.2038368367  0.203975761159  0.000325777352774
  12  0.204326468662  0.204004986784  0.000299937296918
  13  0.20521485044  0.20409805322  0.000290945768433
  14  0.203318072039  0.204042340278  0.000275446492683
  15  0.203836039355  0.204028586883  0.000257426526455
  16  0.204550032032  0.204061177205  0.000243391601058
  17  0.205458410591  0.204143367404  0.000242555076609
  18  0.204801605335  0.204179936178  0.000231820047544
  19  0.204953353855  0.204220642372  0.000223164257434
  20  0.204406745087  0.204229947507  0.000212199951
  1  0.198330670392  0.198330670392  0
  2  0.197242728888  0.19778669964  0.000384645407508
  3  0.197269828728  0.197614409336  0.000292482107942
  4  0.196631886848  0.197368778714  0.000305565549512
  5  0.195701369568  0.197035296885  0.000385648933042
  6  0.195392683232  0.196761527943  0.000407110771822
  7  0.196361261048  0.196704346958  0.000352944940811
  8  0.1969867822  0.196739651363  0.000310587520092
  9  0.196871133112  0.196754260446  0.000276421165312
  10  0.1964093902  0.196719773422  0.000250921171871
  11  0.196292909752  0.196680967633  0.000231091396547
  12  0.198791656952  0.19685685841  0.000270615936807
  13  0.195524300672  0.196754353969  0.000268511863424
  14  0.196821420088  0.196759144406  0.000249375173302
  15  0.195704281528  0.196688820214  0.000242463255543
  16  0.196088931192  0.19665132715  0.000230189901021
  17  0.196238807288  0.196627061276  0.000217924580281
  18  0.197947395  0.196700413149  0.000217812969439
  19  0.1960086542  0.196664004784  0.000209369924578
  20  0.196770456448  0.196669327367  0.00019896907196
  1  0.190344443309  0.190344443309  0
  2  0.189378769178  0.189861606244  0.000341417363257
  3  0.190473961491  0.19006572466  0.000282105029678
  4  0.190545032079  0.190185551515  0.000235657448897
  5  0.189498080407  0.190048057293  0.000225090572886
  6  0.188574150312  0.18980240613  0.000292355328572
  7  0.187845579726  0.189522859501  0.000360247203141
  8  0.187179692629  0.189229963642  0.000417643153553
  9  0.187881103793  0.189080090325  0.000397220531945
  10  0.187650167365  0.188937098029  0.000382370604716
  11  0.189912895627  0.189025806902  0.000357751783638
  12  0.187755431603  0.188919942293  0.00034324546406
  13  0.189349494604  0.188952984779  0.000318428410665
  14  0.18875469113  0.188938820947  0.000295998363229
  15  0.190179911569  0.189021560322  0.000287596669374
  16  0.188522704303  0.18899038182  0.000271306652331
  17  0.190044445209  0.189052385549  0.000262336866198
  18  0.189237292804  0.189062658174  0.000247963642763
  19  0.1897924826  0.189101069986  0.000237869488001
  20  0.188683293087  0.189080181141  0.000226891351473
