  1  0.912118  0.912118  0
  2  0.8760328  0.8940754  0.0127580448102
  3  0.9162916  0.9014808  0.0104355723076
  4  0.7970436  0.8753715  0.0239275691964
  5  0.8567348  0.87164416  0.0194302015964
  6  0.9141012  0.878720333333  0.0174327957399
  7  0.9247224  0.885292057143  0.0161336019511
  8  0.9094744  0.88831485  0.0143972924846
  9  0.8343156  0.882314933333  0.0139920515255
  10  0.7968052  0.87376396  0.0149795530716
  11  0.8452744  0.871174  0.013839866129
  12  0.8815168  0.8720359  0.0127133537306
  13  0.8065408  0.866997815385  0.0126944675439
  14  0.8984292  0.869242914286  0.0119846057557
  15  0.880332  0.869982186667  0.0112084099161
  16  0.8813068  0.870689975  0.0105302082809
  17  0.900362  0.872435388235  0.0100543974526
  18  0.916372  0.874876311111  0.00978762957336
  19  0.8313336  0.872584589474  0.00953701526816
  20  0.847244  0.87131756  0.00914394205777
  1  0.7961792  0.7961792  0
  2  0.8213116  0.8087454  0.00888564523375
  3  0.8206596  0.8127168  0.00675319572614
  4  0.8232636  0.8153535  0.00555583654435
  5  0.8485752  0.82199784  0.00742111095735
  6  0.8527792  0.827128066667  0.00775743185879
  7  0.8503788  0.8304496  0.00732589408115
  8  0.7927988  0.82574325  0.00777631859637
  9  0.7549032  0.817872133333  0.0101415139762
  10  0.8253808  0.818623  0.00915511705647
  11  0.7897712  0.816000109091  0.00869043744967
  12  0.8295248  0.817127166667  0.00803898583549
  13  0.7867028  0.814786830769  0.00775378551545
  14  0.7979692  0.813585571429  0.00729240289901
  15  0.7965064  0.81244696  0.0068945592092
  16  0.817952  0.812791025  0.00647222864765
  17  0.7807976  0.810909058824  0.00635924063451
  18  0.8060452  0.810638844444  0.00601168766911
  19  0.7808188  0.809069368421  0.00589659724457
  20  0.7865992  0.80794586  0.00570779777317
  1  0.6424448  0.6424448  0
  2  0.7199224  0.6811836  0.027392468175
  3  0.6920624  0.684809866667  0.0185001144456
  4  0.6484916  0.6757303  0.0159482571163
  5  0.6685544  0.67429512  0.0128230188542
  6  0.6973056  0.6781302  0.0112447277419
  7  0.6928912  0.680238914286  0.00983407327428
  8  0.6783868  0.6800074  0.00860753884452
  9  0.6555744  0.677292622222  0.00806790908782
  10  0.6637312  0.67593648  0.00737421499308
  11  0.6645812  0.674904181818  0.00677570100999
  12  0.6370164  0.671746866667  0.00690761725727
  13  0.7075372  0.674499969231  0.0069031331839
  14  0.7169628  0.677533028571  0.0070449354301
  15  0.6861492  0.67810744  0.00659864894075
  16  0.7059492  0.67984755  0.00641156902344
  17  0.707044  0.681447341176  0.0062308091227
  18  0.7156368  0.683346755556  0.00616737259134
  19  0.7318604  0.685900105263  0.00634936741541
  20  0.6584704  0.68452862  0.00617824645999
  1  0.5507192  0.5507192  0
  2  0.5684588  0.559589  0.00627189572777
  3  0.5346072  0.551261733333  0.00798197222152
  4  0.5633016  0.5542717  0.00652938414458
  5  0.5713224  0.55768184  0.00604882406195
  6  0.5647784  0.5588646  0.00515502572965
  7  0.5586848  0.558838914286  0.00441865747362
  8  0.5459536  0.55722825  0.00414950970052
  9  0.5225016  0.553369733333  0.00518059821933
  10  0.5621324  0.554246  0.00473606622116
  11  0.5167932  0.5508412  0.00539223903534
  12  0.5219616  0.548434566667  0.00545356276748
  13  0.4965656  0.544444646154  0.00632745057266
  14  0.5778412  0.546830114286  0.00630915029958
  15  0.5659776  0.548106613333  0.00601628842853
  16  0.5599204  0.548844975  0.00568539836192
  17  0.5592144  0.549454941176  0.00538358428118
  18  0.6054256  0.552564422222  0.00591471174886
  19  0.5836692  0.554201515789  0.00582556735847
  20  0.5391136  0.55344712  0.00558292145634
  1  0.436474  0.436474  0
  2  0.4486488  0.4425614  0.0043044418198
  3  0.5048952  0.463339333333  0.0172060969786
  4  0.4344212  0.4561098  0.0143432078563
  5  0.4509284  0.45507352  0.0115119404281
  6  0.4622696  0.456272866667  0.00965555724172
  7  0.4535744  0.455887371429  0.00828388373823
  8  0.42425  0.4519327  0.00813779917046
  9  0.4343148  0.449975155556  0.00746533073352
  10  0.4846204  0.45343968  0.00747963091748
  11  0.4329564  0.451577563636  0.00702763751544
  12  0.425974  0.449443933333  0.00675813517306
  13  0.4531676  0.449730369231  0.00624434580129
  14  0.4545284  0.450073085714  0.00580771836156
  15  0.4423928  0.449561066667  0.00544306060932
  16  0.4536688  0.4498178  0.00510892041568
  17  0.4321008  0.448775623529  0.00491354360488
  18  0.405278  0.446359088889  0.00520097063218
  19  0.4383872  0.445939515789  0.00494413028682
  20  0.4719948  0.44724228  0.00486553468627
  1  0.3906188  0.3906188  0
  2  0.3511072  0.370863  0.0139694601478
  3  0.360834  0.36752  0.00970473630806
  4  0.3803788  0.3707347  0.00779282007026
  5  0.35583  0.36775376  0.0067804683615
  6  0.3813012  0.370011666667  0.00601459580127
  7  0.3606016  0.368667371429  0.00530346921951
  8  0.3321564  0.3641035  0.00630554339163
  9  0.361798  0.363847333333  0.00561012851207
  10  0.3226564  0.35972824  0.00638465393398
  11  0.3717888  0.360824654545  0.00589762126005
  12  0.3684668  0.3614615  0.0054404285481
  13  0.3747572  0.362484246154  0.00511716415187
  14  0.3025464  0.358202971429  0.00629271621762
  15  0.3657308  0.358704826667  0.00589317974623
  16  0.3307712  0.356958975  0.00577767532133
  17  0.35661  0.356938447059  0.00543784853465
  18  0.339062  0.355945311111  0.00522564912958
  19  0.3636616  0.356351431579  0.00496637107319
  20  0.3412668  0.3555972  0.00477498079452
  1  0.2994564  0.2994564  0
  2  0.315466  0.3074612  0.00566024836204
  3  0.3334352  0.3161192  0.0080133182895
  4  0.2918308  0.3100471  0.0079857850702
  5  0.2662364  0.30128496  0.0101111149901
  6  0.2633032  0.294954666667  0.0102171486689
  7  0.295502  0.295032857143  0.00875785518741
  8  0.3065228  0.2964691  0.00778000018597
  9  0.3121976  0.298216711111  0.00710912836602
  10  0.2792492  0.29631996  0.00664643214519
  11  0.2803484  0.294868  0.00619877799784
  12  0.287708  0.294271333333  0.00571085720075
  13  0.2945504  0.2942928  0.00527160083861
  14  0.2497676  0.291112428571  0.00577528107099
  15  0.267958  0.2895688  0.00559275107377
  16  0.3150928  0.29116405  0.00546598213669
  17  0.3010592  0.291746117647  0.00517535291771
  18  0.2958528  0.291974266667  0.00489285956027
  19  0.298518  0.292318673684  0.00464744618563
  20  0.2903112  0.2922183  0.00441615765868
  1  0.234732  0.234732  0
  2  0.2329184  0.2338252  0.000641204429181
  3  0.2072056  0.224952  0.0072575373993
  4  0.2411208  0.2289942  0.00647166522234
  5  0.2443224  0.23205984  0.00585860797184
  6  0.2444952  0.2341324  0.00523595298765
  7  0.2428968  0.235384457143  0.00463524323061
  8  0.22644  0.2342664  0.00418850997134
  9  0.248372  0.235833688889  0.00400563154671
  10  0.230616  0.23531192  0.00363889222255
  11  0.2308976  0.234910618182  0.00333013836751
  12  0.2640872  0.237342  0.0038389469071
  13  0.2347028  0.237138984615  0.00354900727985
  14  0.2382196  0.237216171429  0.00329634601505
  15  0.244176  0.23768016  0.00310907328445
  16  0.2491076  0.238394375  0.00299566776435
  17  0.2599564  0.239662729412  0.00307626426216
  18  0.2511088  0.240298622222  0.00297035620614
  19  0.2362632  0.240086231579  0.00282160478089
  20  0.2425168  0.24020776  0.00268314042098
  1  0.1881196  0.1881196  0
  2  0.1858264  0.186973  0.00081076863531
  3  0.1966028  0.190182933333  0.00267605462381
  4  0.2046268  0.1937939  0.00371584763513
  5  0.1791916  0.19087344  0.00395728245437
  6  0.1757732  0.188356733333  0.00401910881489
  7  0.187188  0.188189771429  0.00344841663647
  8  0.207054  0.1905478  0.00373761291067
  9  0.2155624  0.1933272  0.00423137699211
  10  0.1988852  0.193883  0.00384456873888
  11  0.2080352  0.195169563636  0.00370408300264
  12  0.2025696  0.195786233333  0.00344635989301
  13  0.2151732  0.197277538462  0.00348902564472
  14  0.1800848  0.196049485714  0.00344916757007
  15  0.2123704  0.197137546667  0.00338649504234
  16  0.1983408  0.19721275  0.00317567400639
  17  0.2057392  0.197714305882  0.00302821771987
  18  0.1909088  0.197336222222  0.00288348934456
  19  0.1848608  0.196679621053  0.00280548842883
  20  0.196176  0.19665444  0.00266532701302
  1  0.1865904  0.1865904  0
  2  0.1726744  0.1796324  0.0049200489835
  3  0.1710408  0.176768533333  0.0040282050277
  4  0.1684948  0.1747001  0.00351229019978
  5  0.1652204  0.17280416  0.00328189389732
  6  0.1654788  0.171583266667  0.00295328491671
  7  0.1776156  0.172445028571  0.00265414083548
  8  0.1714472  0.1723203  0.00232530212849
  9  0.1765536  0.172790666667  0.00211397333737
  10  0.1690252  0.17241412  0.00193582129923
  11  0.1640996  0.171658254545  0.00190168910271
  12  0.1769916  0.1721027  0.00179439944155
  13  0.1753468  0.172352246154  0.00167363088861
  14  0.1687784  0.172096971429  0.00157343359605
  15  0.1522324  0.170772666667  0.00194768276519
  16  0.1830756  0.1715416  0.00197190458345
  17  0.156284  0.170644094118  0.00205000881059
  18  0.1780944  0.171058  0.00197746273396
  19  0.1734676  0.171184821053  0.00187744806476
  20  0.1704688  0.17114902  0.00178391697396
  1  0.1588072  0.1588072  0
  2  0.14845  0.1536286  0.00366182317705
  3  0.1429752  0.150077466667  0.00379032516381
  4  0.1498692  0.1500254  0.00284310146319
  5  0.1439572  0.14881176  0.00252023852738
  6  0.1442328  0.1480486  0.00221273116457
  7  0.134924  0.146173657143  0.00257107021938
  8  0.1560672  0.14741035  0.00252968815414
  9  0.1372436  0.146280711111  0.00248808188169
  10  0.1433116  0.1459838  0.00225691986158
  11  0.149044  0.146262  0.00206882048592
  12  0.1540508  0.146911066667  0.00199564135741
  13  0.1415196  0.146496338462  0.00188473167156
  14  0.1454752  0.1464234  0.00175151875869
  15  0.1509472  0.146724986667  0.00166051232956
  16  0.1521464  0.147063825  0.00159092581771
  17  0.1477764  0.147105741176  0.00149789402776
  18  0.1452236  0.147001177778  0.00141832262275
  19  0.1376052  0.146506652632  0.00142728546109
  20  0.150376  0.14670012  0.00136897056567
  1  0.1241052  0.1241052  0
  2  0.1409772  0.1325412  0.00596515280609
  3  0.1400356  0.135039333333  0.00446935507287
  4  0.1237576  0.1322189  0.00414754703982
  5  0.1353656  0.13284824  0.00336544629951
  6  0.1319196  0.132693466667  0.00280809525902
  7  0.12409  0.1314644  0.00266235957951
  8  0.1174212  0.129709  0.00285010910142
  9  0.1136904  0.127929155556  0.0030387715409
  10  0.118266  0.12696284  0.00288444734475
  11  0.1285724  0.127109163636  0.00262593362411
  12  0.1234512  0.126804333333  0.00242473431389
  13  0.117536  0.126091384615  0.00234068544479
  14  0.1241756  0.125954542857  0.00217748999243
  15  0.123478  0.12578944  0.00203857364403
  16  0.1282404  0.125942625  0.00191690955869
  17  0.1323408  0.126318988235  0.00184072670985
  18  0.1447968  0.127345533333  0.00200437226065
  19  0.1324772  0.127615621053  0.0019169896806
  20  0.1324768  0.12785868  0.00183648451801
  1  0.1155532  0.1155532  0
  2  0.1077972  0.1116752  0.00274216009744
  3  0.1063468  0.109899066667  0.00233346822721
  4  0.1231696  0.1132167  0.00336420455792
  5  0.1027176  0.11111688  0.00328189480373
  6  0.1186428  0.1123712  0.00296493581268
  7  0.1015568  0.110826285714  0.00291622597788
  8  0.1013236  0.10963845  0.00278311799645
  9  0.1193292  0.1107152  0.00267407270315
  10  0.1150228  0.11114596  0.00244111393946
  11  0.1126296  0.111280836364  0.00222291746021
  12  0.1092232  0.111109366667  0.00204427699007
  13  0.1130368  0.111257630769  0.0018923938089
  14  0.1236036  0.112139485714  0.00195190995377
  15  0.111032  0.112065653333  0.00182317846991
  16  0.109694  0.111917425  0.00171524487281
  17  0.116332  0.112177105882  0.0016338871698
  18  0.1195384  0.112586066667  0.00159347521397
  19  0.1034564  0.112105557895  0.00158039654897
  20  0.1267616  0.11283836  0.00166261271471
  1  0.0968688  0.0968688  0
  2  0.0926432  0.094756  0.00149397520729
  3  0.092626  0.094046  0.00115241040529
  4  0.0888284  0.0927416  0.00142236510784
  5  0.0989416  0.0939816  0.00158898659529
  6  0.1044488  0.0957261333333  0.00207112326296
  7  0.0856816  0.0942912  0.00221729413475
  8  0.0956228  0.09445765  0.0019463699564
  9  0.1043904  0.0955612888889  0.00201889878873
  10  0.0931288  0.09531804  0.0018316043236
  11  0.095032  0.0952920363636  0.0016652794187
  12  0.09552  0.0953110333333  0.00152661448561
  13  0.0888044  0.0948105230769  0.00148897148498
  14  0.1011652  0.0952644285714  0.00145015233906
  15  0.1051004  0.09592016  0.00149439422497
  16  0.0948548  0.095853575  0.00140247719922
  17  0.0985024  0.0960093882353  0.001328605663
  18  0.0898368  0.0956664666667  0.00129829531053
  19  0.1027028  0.0960368  0.00128169415793
  20  0.1013432  0.09630212  0.00124476814712
  1  0.0951304  0.0951304  0
  2  0.0857492  0.0904398  0.00331675506783
  3  0.0910984  0.0906593333333  0.00221842351499
  4  0.0867648  0.0896857  0.00186527760065
  5  0.0918448  0.09011752  0.00154139597363
  6  0.0835856  0.0890288666667  0.00162405973732
  7  0.0850364  0.0884585142857  0.00148883736525
  8  0.0769032  0.0870141  0.00187687333716
  9  0.0855368  0.0868499555556  0.00167549421573
  10  0.0797188  0.08613684  0.00165274859499
  11  0.0834852  0.0858957818182  0.00151997658474
  12  0.0900308  0.0862403666667  0.0014318386047
  13  0.0884148  0.0864076307692  0.0013314310347
  14  0.0890804  0.0865985428571  0.00124994119216
  15  0.0859224  0.0865534666667  0.00116742427983
  16  0.0892684  0.08672315  0.00110672316879
  17  0.091778  0.0870204941176  0.00108082779171
  18  0.088578  0.0871070222222  0.00102423954819
  19  0.0961304  0.0875819368421  0.00107481056472
  20  0.0833624  0.08737096  0.00104157077816
  1  0.0775556  0.0775556  0
  2  0.0799684  0.078762  0.000853053620823
  3  0.0764892  0.0780044  0.000840274325576
  4  0.0744328  0.0771115  0.000997553049968
  5  0.0868408  0.07905736  0.00191467194257
  6  0.0787688  0.0790092666667  0.00159616384961
  7  0.0750012  0.0784366857143  0.00146724969029
  8  0.0795028  0.07856995  0.00128988120662
  9  0.0832588  0.0790909333333  0.00124734427693
  10  0.0816496  0.0793468  0.00114855293722
  11  0.0855696  0.0799125090909  0.00117522753299
  12  0.0764072  0.0796204  0.00111300266247
  13  0.0792576  0.0795924923077  0.00102773689554
  14  0.0720372  0.0790528285714  0.00108681854781
  15  0.07946  0.0790799733333  0.00101470290989
  16  0.0725328  0.078670775  0.0010304946764
  17  0.0739556  0.0783934117647  0.00100651234877
  18  0.0819284  0.0785898  0.000969565108696
  19  0.0790528  0.0786141684211  0.000918841545153
  20  0.0776244  0.07856468  0.000874231164899
  1  0.0716804  0.0716804  0
  2  0.0687232  0.0702018  0.00104552808666
  3  0.0703544  0.0702526666667  0.000698255001706
  4  0.0644516  0.0688024  0.00136077462498
  5  0.0748296  0.07000784  0.00153217535748
  6  0.0788836  0.0714871333333  0.00185845138738
  7  0.0742996  0.0718889142857  0.00163581265673
  8  0.07483  0.07225655  0.00147206809445
  9  0.076142  0.0726882666667  0.00137034876411
  10  0.0701552  0.07243496  0.0012565074557
  11  0.0725448  0.0724449454545  0.00114231918166
  12  0.0703988  0.0722744333333  0.0010597755438
  13  0.0696472  0.0720723384615  0.000997337549972
  14  0.0787104  0.0725464857143  0.0010326746831
  15  0.0757004  0.0727567466667  0.000985002566308
  16  0.0709656  0.0726448  0.000929779577373
  17  0.0663124  0.0722723058824  0.000946766421813
  18  0.063266  0.0717719555556  0.00101783054443
  19  0.0693228  0.0716430526316  0.000972388698866
  20  0.0748892  0.07180536  0.000937217237742
  1  0.0672476  0.0672476  0
  2  0.0629668  0.0651072  0.00151349135445
  3  0.0636376  0.0646173333333  0.00108537962773
  4  0.0654084  0.0648151  0.000831857119642
  5  0.05675  0.06320208  0.00158881654936
  6  0.06851  0.0640867333333  0.00155086710776
  7  0.0682968  0.0646881714286  0.00144122512478
  8  0.0652588  0.0647595  0.00126283583405
  9  0.0661316  0.0649119555556  0.00113168590581
  10  0.061604  0.06458116  0.00106576763464
  11  0.066848  0.0647872363636  0.000988602346522
  12  0.0627584  0.0646181666667  0.000920562361287
  13  0.0602592  0.0642828615385  0.000908766168266
  14  0.0624696  0.0641533428571  0.0008530339655
  15  0.0652388  0.0642257066667  0.00079922849151
  16  0.0693712  0.0645473  0.000811402470649
  17  0.0640672  0.0645190588235  0.000764164228035
  18  0.0598124  0.0642575777778  0.000765140608378
  19  0.0666824  0.0643852  0.000735436460758
  20  0.0646768  0.06439978  0.000698809146749
  1  0.0620336  0.0620336  0
  2  0.0612144  0.061624  0.000289630937575
  3  0.0586004  0.0606161333333  0.000845268900454
  4  0.0507844  0.0581582  0.00222102947527
  5  0.0643064  0.05938784  0.00208966831313
  6  0.056014  0.0588255333333  0.00181546982818
  7  0.0624652  0.0593454857143  0.00162887356338
  8  0.0568988  0.05903965  0.00145369256282
  9  0.0602008  0.0591686666667  0.00129788371866
  10  0.0594608  0.05919788  0.00116842407377
  11  0.0587452  0.0591567272727  0.00106292817054
  12  0.0548428  0.0587972333333  0.00103335655077
  13  0.0564044  0.0586131692308  0.000970122075609
  14  0.0565456  0.0584654857143  0.000911999437369
  15  0.0577376  0.05841696  0.000852489476757
  16  0.0651828  0.058839825  0.00089798314222
  17  0.0545316  0.0585864  0.000880194740956
  18  0.0620548  0.0587790888889  0.000852125411743
  19  0.056548  0.0586616631579  0.000815327391721
  20  0.0643068  0.05894392  0.000821967308158
  1  0.05284  0.05284  0
  2  0.0486548  0.0507474  0.00147969165031
  3  0.0548236  0.0521061333333  0.00148454583952
  4  0.0516428  0.0519903  0.00111791925804
  5  0.0559436  0.05278096  0.00114015367722
  6  0.0488884  0.0521322  0.00111959127364
  7  0.0539328  0.0523894285714  0.000988757630217
  8  0.0575984  0.05304055  0.0010580506201
  9  0.0501004  0.0527138666667  0.000989638513378
  10  0.0563792  0.0530804  0.000956145056778
  11  0.060762  0.0537787272727  0.00109493214531
  12  0.0587524  0.0541932  0.00107928735953
  13  0.0599004  0.0546322153846  0.0010818748702
  14  0.0610992  0.0550941428571  0.00109879620781
  15  0.0605724  0.05545936  0.00108454139153
  16  0.0542808  0.0553857  0.00101925590905
  17  0.0568836  0.0554738117647  0.000963100654223
  18  0.0515048  0.0552533111111  0.000934495893315
  19  0.0548764  0.0552334736842  0.000885522427796
  20  0.0515032  0.05504696  0.000860664472788
  1  0.0518992  0.0518992  0
  2  0.0560756  0.0539874  0.00147658038047
  3  0.0457252  0.0512333333333  0.00245471106484
  4  0.0530028  0.0516757  0.00188047063458
  5  0.0531416  0.05196888  0.00152706001412
  6  0.047898  0.0512904  0.00141527245591
  7  0.047324  0.0507237714286  0.00132166186261
  8  0.0491676  0.05052925  0.00117068139013
  9  0.0551092  0.0510381333333  0.00114588343449
  10  0.0483372  0.05076804  0.00106264995772
  11  0.0479236  0.0505094545455  0.000997011241791
  12  0.0474732  0.0502564333333  0.000945487845222
  13  0.0501004  0.0502444307692  0.00087283419136
  14  0.0446912  0.0498477714286  0.000896098433655
  15  0.0503368  0.0498803733333  0.000836951390144
  16  0.0498152  0.0498763  0.000784651840388
  17  0.0454648  0.0496168  0.000780227645602
  18  0.048738  0.0495679777778  0.000738407594274
  19  0.0512704  0.0496575789474  0.00070495934853
  20  0.0461768  0.04948354  0.000690860630967
  1  0.0466976  0.0466976  0
  2  0.045282  0.0459898  0.000500490179724
  3  0.0458796  0.0459530666667  0.000335005423947
  4  0.0428504  0.0451774  0.000717197803956
  5  0.0491064  0.0459632  0.000907294788699
  6  0.0421804  0.0453327333333  0.000950208199018
  7  0.0541588  0.0465936  0.00142338488434
  8  0.0454852  0.04645505  0.00125218673515
  9  0.0530816  0.0471913333333  0.00131178104466
  10  0.0480176  0.04727396  0.00118320232921
  11  0.0497248  0.0474967636364  0.00109641540593
  12  0.0458908  0.0473629333333  0.00101318230929
  13  0.048118  0.0474210153846  0.000936908545665
  14  0.0457692  0.0473030285714  0.000877384215015
  15  0.0438884  0.0470753866667  0.000847909260442
  16  0.0479584  0.047130575  0.00079670894385
  17  0.0455308  0.0470364705882  0.000755380905577
  18  0.048878  0.0471387777778  0.000720310116665
  19  0.0472412  0.0471441684211  0.000682419228792
  20  0.0476184  0.04716788  0.000648710081993
  1  0.043332  0.043332  0
  2  0.0460356  0.0446838  0.000955866946808
  3  0.0517316  0.0470330666667  0.00202124960542
  4  0.0416136  0.0456782  0.00191698027376
  5  0.047788  0.04610016  0.00157934187245
  6  0.041502  0.0453338  0.00149049999292
  7  0.0440912  0.0451562857143  0.001288098771
  8  0.0433444  0.0449298  0.00114682501499
  9  0.0478316  0.0452522222222  0.00106375833719
  10  0.04854  0.045581  0.00100690943108
  11  0.0468208  0.0456937090909  0.000921658707512
  12  0.0481212  0.045896  0.000866769546458
  13  0.0441512  0.0457617846154  0.00081041967489
  14  0.0433036  0.0455862  0.000771319041695
  15  0.043814  0.0454680533333  0.000728890157484
  16  0.0411812  0.045200125  0.000730920694842
  17  0.0430984  0.0450764941176  0.000698302801061
  18  0.0467208  0.0451678444444  0.000665456493566
  19  0.0425004  0.0450274526316  0.000645071776005
  20  0.0464664  0.0450994  0.000616817422906
  1  0.0418548  0.0418548  0
  2  0.0439752  0.042915  0.000749674609414
  3  0.0445368  0.0434556  0.000666794841012
  4  0.0395628  0.0424824  0.000980017765145
  5  0.0416244  0.0423108  0.000798896446856
  6  0.0415632  0.0421862  0.000675393776499
  7  0.0394448  0.0417945714286  0.000683079857797
  8  0.0364248  0.04112335  0.000866867979964
  9  0.0409104  0.0410996888889  0.000770872162216
  10  0.0425028  0.04124  0.000706438984202
  11  0.039234  0.0410576363636  0.000665339150361
  12  0.0393504  0.0409153666667  0.00062491991924
  13  0.0418388  0.0409864  0.00058087223213
  14  0.0398636  0.0409062  0.000544889767171
  15  0.0418088  0.0409663733333  0.000511875534131
  16  0.0439776  0.041154575  0.000513316783245
  17  0.0399848  0.0410857647059  0.000487711894146
  18  0.048022  0.0414711111111  0.000593641416108
  19  0.0397256  0.0413792421053  0.000569461360617
  20  0.0394184  0.0412812  0.000549363244493
  1  0.0393204  0.0393204  0
  2  0.0368116  0.038066  0.00088699474632
  3  0.0391224  0.0384181333333  0.000657522794423
  4  0.0392836  0.0386345  0.000527541493629
  5  0.0347604  0.03785968  0.000811411636298
  6  0.0361156  0.037569  0.000726379281092
  7  0.0363048  0.0373884  0.000644671314449
  8  0.0372  0.03736485  0.000564517379881
  9  0.0294812  0.0364888888889  0.000966358049898
  10  0.0404252  0.03688252  0.000946502873614
  11  0.0376212  0.0369496727273  0.000862836053789
  12  0.0359024  0.0368624  0.000795334462139
  13  0.0386712  0.0370015384615  0.000746226318252
  14  0.0363484  0.0369548857143  0.000694381230559
  15  0.0352432  0.0368407733333  0.000657398715306
  16  0.037304  0.036869725  0.000616948478115
  17  0.0351056  0.0367659529412  0.000589320113933
  18  0.0375364  0.0368087555556  0.000558132330774
  19  0.0366124  0.0367984210526  0.000528852614272
  20  0.0385328  0.03688514  0.000509470272558
  1  0.0359596  0.0359596  0
  2  0.0380488  0.0370042  0.000738643743627
  3  0.0366856  0.036898  0.00050000543997
  4  0.036534  0.036807  0.000383195524504
  5  0.039978  0.0374412  0.000644782560558
  6  0.037716  0.037487  0.000538942971628
  7  0.0366704  0.0373703428571  0.000474408682362
  8  0.0385636  0.0375195  0.00043792829179
  9  0.0364496  0.0374006222222  0.000405083359133
  10  0.0381324  0.0374738  0.000371125903165
  11  0.0391272  0.0376241090909  0.000366563831036
  12  0.0358608  0.0374771666667  0.000364280189654
  13  0.0356532  0.0373368615385  0.000362272174241
  14  0.0355064  0.0372061142857  0.000359215502208
  15  0.0351908  0.03707176  0.000359516575764
  16  0.0313044  0.0367113  0.000485191958791
  17  0.0335144  0.0365232470588  0.000491745917888
  18  0.0351828  0.0364487777778  0.000470031637992
  19  0.03613  0.036432  0.000445592471477
  20  0.0343124  0.03632602  0.000435733794397
  1  0.0340096  0.0340096  0
  2  0.0395028  0.0367562  0.00194213948521
  3  0.0308064  0.0347729333333  0.00207331466087
  4  0.0312076  0.0338816  0.00173604083477
  5  0.0362932  0.03436392  0.00145429097677
  6  0.0323004  0.03402  0.00125191503439
  7  0.0298712  0.0334273142857  0.00120522749202
  8  0.0323636  0.03329435  0.00106188323378
  9  0.0370984  0.0337170222222  0.00102456901072
  10  0.0298636  0.03333168  0.000991932713524
  11  0.0309276  0.0331131272727  0.000925520774652
  12  0.0362444  0.0333740666667  0.000884413764194
  13  0.0333784  0.0333744  0.000816381998996
  14  0.0335004  0.0333834  0.000758118606573
  15  0.0388032  0.03374472  0.000788995814505
  16  0.0332868  0.0337161  0.000740202474412
  17  0.033942  0.0337293882353  0.00069678041846
  18  0.0376396  0.0339466222222  0.000691104586766
  19  0.0370828  0.0341116842105  0.000674154082574
  20  0.0360756  0.03420988  0.000647558380441
  1  0.0298536  0.0298536  0
  2  0.0324452  0.0311494  0.000916268967062
  3  0.0325792  0.031626  0.000724268262148
  4  0.0336072  0.0321213  0.000692140959271
  5  0.0339224  0.03248152  0.000640628275617
  6  0.0287956  0.0318672  0.000774270024676
  7  0.032836  0.0320056  0.000675916280289
  8  0.0313572  0.03192455  0.000596266349619
  9  0.0339056  0.0321446666667  0.000569195282074
  10  0.0316628  0.03209648  0.000514311391435
  11  0.0310944  0.0320053818182  0.000475555329109
  12  0.0272732  0.0316110333333  0.000576699863126
  13  0.0326996  0.0316947692308  0.00053838317401
  14  0.0306968  0.0316234857143  0.000504624241579
  15  0.0324548  0.0316789066667  0.000474016191703
  16  0.029486  0.03154185  0.000463781337048
  17  0.0300328  0.0314530823529  0.000444914042492
  18  0.0278872  0.0312549777778  0.000462201579905
  19  0.0342616  0.0314132210526  0.000464174174468
  20  0.0344904  0.03156708  0.000465767633998
  1  0.0303252  0.0303252  0
  2  0.0309472  0.0306362  0.000219910208949
  3  0.0335764  0.0316162666667  0.000813540002886
  4  0.0271848  0.0305084  0.00113702046595
  5  0.0293532  0.03027736  0.000932794474083
  6  0.02835  0.0299561333333  0.000830800073111
  7  0.0298964  0.0299476  0.00071215817092
  8  0.0306676  0.0300376  0.000628799622296
  9  0.0311364  0.0301596888889  0.00057066242566
  10  0.0310924  0.03025296  0.000521162728368
  11  0.0322076  0.0304306545455  0.000503166400415
  12  0.0369188  0.0309713333333  0.000693333215278
  13  0.030314  0.0309207692308  0.00064184103761
  14  0.02814  0.0307221428571  0.000625975033221
  15  0.0321452  0.0308170133333  0.000591388779803
  16  0.0310428  0.030831125  0.000554595321179
  17  0.0287232  0.0307071294118  0.000535654121978
  18  0.0278724  0.0305496444444  0.000528539468971
  19  0.0352452  0.0307967789474  0.00055550255391
  20  0.030482  0.03078104  0.000527950343423
  1  0.0297256  0.0297256  0
  2  0.0281588  0.0289422  0.000553947452381
  3  0.0278504  0.0285782666667  0.00047400374432
  4  0.031388  0.0292807  0.000704586181741
  5  0.0282152  0.0290676  0.000595022661753
  6  0.0261908  0.0285881333333  0.000661394732813
  7  0.0221316  0.0276657714286  0.00102498890023
  8  0.0278492  0.0276887  0.000897121702307
  9  0.031192  0.0280779555556  0.000877836722509
  10  0.029864  0.02825656  0.000808018202171
  11  0.0227364  0.0277547272727  0.000876654567806
  12  0.0326676  0.0281641333333  0.000894102085066
  13  0.0308452  0.0283703692308  0.000848777247308
  14  0.0288184  0.0284023714286  0.000788753373901
  15  0.0273168  0.02833  0.000739482553021
  16  0.0307964  0.02848415  0.000709149699354
  17  0.030288  0.0285902588235  0.000675326793176
  18  0.0290552  0.0286160888889  0.000638302424205
  19  0.0285188  0.0286109684211  0.000604728097644
  20  0.031992  0.02878002  0.000597653929611
  1  0.0281564  0.0281564  0
  2  0.0286096  0.028383  0.000160230396617
  3  0.0266536  0.0278065333333  0.000482652166756
  4  0.023222  0.0266604  0.00105652843786
  5  0.0279468  0.02691768  0.000875988525222
  6  0.029138  0.0272877333333  0.000804364509227
  7  0.0273136  0.0272914285714  0.000689463781504
  8  0.0276292  0.02733365  0.000604572205934
  9  0.0218576  0.0267252  0.000786048912498
  10  0.0236472  0.0264174  0.000765339009329
  11  0.028352  0.0265932727273  0.000715685036811
  12  0.0267136  0.0266033  0.000656114858043
  13  0.027036  0.0266365846154  0.000606488158672
  14  0.0254784  0.0265538571429  0.000568781775315
  15  0.0284044  0.0266772266667  0.000544078013317
  16  0.0299708  0.026883075  0.000547631076454
  17  0.0237484  0.0266986823529  0.000545578401956
  18  0.0285012  0.0267988222222  0.000524378203418
  19  0.0259424  0.0267537473684  0.000498712875131
  20  0.02915  0.02687356  0.000487957148037
  1  0.0255116  0.0255116  0
  2  0.028188  0.0268498  0.000946250294584
  3  0.0260076  0.0265690666667  0.000671186818393
  4  0.023382  0.0257723  0.00085412496012
  5  0.0259788  0.0258136  0.000684297741046
  6  0.023342  0.0254016666667  0.000683074282062
  7  0.0264304  0.0255486285714  0.000601093641968
  8  0.0236232  0.02530795  0.000572115462287
  9  0.0268556  0.0254799111111  0.000533765050372
  10  0.024546  0.02538652  0.000488490393109
  11  0.0286904  0.0256868727273  0.000528412405478
  12  0.0253864  0.0256618333333  0.000484970934887
  13  0.026278  0.0257092307692  0.000449975653172
  14  0.0265996  0.0257728285714  0.000422304953098
  15  0.0238408  0.0256440266667  0.000413326958173
  16  0.0265004  0.02569755  0.000390944137434
  17  0.027278  0.0257905176471  0.000378840176126
  18  0.0225336  0.0256095777778  0.000398668506712
  19  0.0281084  0.0257410947368  0.000398789464479
  20  0.023682  0.02563814  0.000391914544027
