  1  1.42271641518  0
  2  1.43880363584  0.0113753828247
  3  1.38354296778  0.0457530156202
  4  1.40698398686  0.0398699624171
  5  1.40183871913  0.0322262613716
  6  1.39390017538  0.0278158190193
  7  1.3967312763  0.0239857729592
  8  1.40698785642  0.023076504665
  9  1.40119880271  0.0212261632785
  10  1.38522354928  0.0243851052061
  11  1.40514011788  0.0291897473103
  12  1.41846839497  0.0296444058782
  13  1.41485573199  0.0275833200664
  14  1.41993219734  0.0260760381772
  15  1.41943929512  0.0243422937276
  16  1.41842037361  0.0228422154606
  17  1.41303327548  0.0221246834387
  18  1.40617649729  0.0219323230921
  19  1.41304302719  0.0218264192012
  20  1.40681066657  0.0216065846925
  21  1.40910199465  0.020698838152
  22  1.41557840542  0.0207464503805
  23  1.41265804358  0.0200489187254
  24  1.40888027273  0.0195662284877
  25  1.40657996112  0.0189183146529
  26  1.41085862049  0.0186682595082
  27  1.40912817609  0.0180568656918
  28  1.40609963806  0.0176641284711
  29  1.40506746673  0.017085150509
  30  1.40895595722  0.0169523712899
  31  1.41137323582  0.0165769674736
  32  1.41369655205  0.0162209303798
  33  1.41377712614  0.0157295871511
  34  1.41482838087  0.0153020411395
  35  1.40839180577  0.0161619697494
  36  1.40658920134  0.015813232204
  37  1.4033812434  0.0157078694919
  38  1.40471232625  0.0153507987999
  39  1.40400681337  0.0149733922574
  40  1.40399275663  0.0145990640491
  41  1.40276501044  0.0142945213453
  42  1.40377662029  0.0139899251452
  43  1.40664110504  0.013954753521
  44  1.40459061167  0.0137874254429
  45  1.40670141379  0.0136416592104
  46  1.40413746692  0.0135839112831
  47  1.40282013278  0.0133586150841
  48  1.39934661837  0.0135243656924
  49  1.40189914135  0.0134870828026
  50  1.40393179984  0.0133696362519
  51  1.40590208695  0.013251872168
  52  1.40578354975  0.0129975586156
  53  1.40677147808  0.0127898121552
  54  1.40392638543  0.0128655179758
  55  1.40179395816  0.0128071024807
  56  1.39988149028  0.0127203959472
  57  1.39922610107  0.0125141034288
  58  1.4003606103  0.0123496623743
  59  1.40227664597  0.0122880825035
  60  1.40331359537  0.0121269545155
  61  1.40207532737  0.0119912043245
  62  1.40385531762  0.0119291783289
  63  1.40155048082  0.011960412711
  64  1.40058724998  0.0118122544401
  65  1.39917403401  0.0117147608714
  66  1.4019508151  0.0118617940996
  67  1.40332483696  0.0117640637745
  68  1.40415843423  0.0116205595047
  69  1.40334933361  0.0114802785262
  70  1.4032276941  0.0113169189458
  71  1.40407552882  0.0111892394583
  72  1.40392273338  0.0110348765598
  73  1.40297789124  0.0109240892104
  74  1.40330707107  0.0107814248945
  75  1.40403058578  0.010661921564
  76  1.40601436376  0.0107045951523
  77  1.4062141112  0.0105674379126
  78  1.40662952225  0.01044011975
  79  1.40642223873  0.010310023887
  80  1.40590040027  0.0101943463753
  81  1.40542620713  0.0100795128332
  82  1.40489861932  0.00997039004021
  83  1.40440288439  0.00986258130675
  84  1.40539162575  0.00979460577452
  85  1.40460446197  0.0097109546267
  86  1.40339931431  0.00967252802226
  87  1.40354119467  0.00956239006034
  88  1.40274363939  0.0094869284546
  89  1.40189921567  0.00941783950424
  90  1.40158676439  0.00931837842715
  91  1.40238355564  0.0092499817501
  92  1.40187606991  0.00916334909934
  93  1.39978215265  0.00930098264783
  94  1.3986281111  0.00927335487747
  95  1.39981096972  0.00925087252161
  96  1.40071388336  0.00919846730364
  97  1.40104136716  0.00910946541697
  98  1.40075786244  0.00902092222546
  99  1.40171835533  0.00898078994864
  100  1.4002522693  0.0090098543794
