  1  -5.46366551191  0
  2  -5.45621201173  0.00527042052435
  3  -5.46847035695  0.0106077094417
  4  -5.46631842192  0.00817114354482
  5  -5.46631467232  0.00653691569621
  6  -5.4662678921  0.00544759713109
  7  -5.46576417828  0.00469259921457
  8  -5.46408767235  0.00439531270442
  9  -5.46456365252  0.00393263275904
  10  -5.46658089304  0.00402361401597
  11  -5.46445698693  0.00418098259139
  12  -5.46151743623  0.00475493965527
  13  -5.46184785047  0.00440064010876
  14  -5.46089129924  0.00418897987231
  15  -5.46047708532  0.00393014030395
  16  -5.46062997104  0.00368747902675
  17  -5.46157937368  0.00359070878365
  18  -5.46206925258  0.00342447890683
  19  -5.46097694133  0.00341400945947
  20  -5.46226362868  0.00347733221018
  21  -5.46206995713  0.00331713388917
  22  -5.4606572235  0.00345411375651
  23  -5.46130725798  0.00336454441373
  24  -5.46188886703  0.00327423886184
  25  -5.46197703497  0.00314445616608
  26  -5.46125512854  0.00310527792045
  27  -5.46160990464  0.00301046588706
  28  -5.46240784334  0.00300683903926
  29  -5.46262441916  0.00291094421805
  30  -5.46170601277  0.00295524272086
  31  -5.46127490319  0.0028911863579
  32  -5.46078190468  0.00284255852921
  33  -5.46072656131  0.00275695909498
  34  -5.46067974366  0.00267626955318
  35  -5.46190576593  0.00286690923064
  36  -5.46245878367  0.00284010975071
  37  -5.46313910652  0.00284366548632
  38  -5.462999576  0.00277225325202
  39  -5.46315496774  0.00270552137818
  40  -5.46323074591  0.00263894435473
  41  -5.46341401148  0.00258093559348
  42  -5.46325924951  0.00252412051687
  43  -5.46252202097  0.00257082909039
  44  -5.46287967409  0.00253715749327
  45  -5.46252346521  0.0025056567476
  46  -5.46306153195  0.00250829315389
  47  -5.46323916972  0.00246120734646
  48  -5.46364929468  0.00244386403889
  49  -5.46325487121  0.00242560911311
  50  -5.46296045848  0.00239489772214
  51  -5.46242854215  0.00240628438036
  52  -5.46239218947  0.0023602842618
  53  -5.46217879818  0.00232537685088
  54  -5.46266670225  0.00233293820696
  55  -5.46293265333  0.00230563030644
  56  -5.4632138406  0.00228154025645
  57  -5.46351322537  0.00226107061806
  58  -5.4634628896  0.00222264685662
  59  -5.46319909372  0.00220057356476
  60  -5.4629969675  0.00217316032142
  61  -5.46306161124  0.00213849598616
  62  -5.46275308024  0.00212614424544
  63  -5.46309334103  0.00211944812898
  64  -5.46333077263  0.00209958879463
  65  -5.46371510256  0.00210216896349
  66  -5.46327069128  0.0021167723609
  67  -5.46298602379  0.00210423299238
  68  -5.46274801659  0.00208670532664
  69  -5.46288805103  0.00206115657405
  70  -5.46281579618  0.00203297755004
  71  -5.46268299038  0.00200867719946
  72  -5.46276510616  0.0019824566624
  73  -5.46292796486  0.00196197773458
  74  -5.46279351302  0.00194006595894
  75  -5.4627921131  0.00191419891791
  76  -5.46261466979  0.00189721862649
  77  -5.46261326903  0.00187257994067
  78  -5.46252909975  0.00185046317145
  79  -5.46256284627  0.00182734727528
  80  -5.46267636564  0.00180802804951
  81  -5.46280052765  0.00178996490365
  82  -5.46297854884  0.00177696657245
  83  -5.46307151819  0.00175798769222
  84  -5.4628224975  0.00175460764115
  85  -5.46291055063  0.00173617321901
  86  -5.46306884412  0.00172318615829
  87  -5.46300098815  0.00170471492026
  88  -5.46308417165  0.00168737145589
  89  -5.46330393051  0.00168266178564
  90  -5.46338075437  0.0016657183613
  91  -5.46331866792  0.00164857043458
  92  -5.46336345358  0.001631259409
  93  -5.4637543767  0.00165989957989
  94  -5.46396683267  0.00165578171834
  95  -5.46374742898  0.00165282484631
  96  -5.4635382908  0.0016487863532
  97  -5.46343957523  0.0016347410168
  98  -5.46358877948  0.00162485472077
  99  -5.46331974199  0.00163056305183
  100  -5.46361750935  0.00164122081662
