  0.0512992784003  0  0
  0.0769489176005  0  0
  0.102598556801  0  0
  0.128248196001  0  0
  0.153897835201  0  0
  0.179547474401  0  0
  0.205197113601  0  0
  0.230846752801  0  0
  0.256496392002  0  0
  0.282146031202  0  0
  0.307795670402  0  0
  0.333445309602  0  0
  0.359094948802  0  0
  0.384744588002  0  0
  0.410394227202  0  0
  0.436043866403  0  0
  0.461693505603  0  0
  0.487343144803  0  0
  0.512992784003  0  0
  0.538642423203  0  0
  0.564292062403  0  0
  0.589941701603  0  0
  0.615591340804  0  0
  0.641240980004  0  0
  0.666890619204  0  0
  0.692540258404  0  0
  0.718189897604  0  0
  0.743839536804  0  0
  0.769489176005  0  0
  0.795138815205  0  0
  0.820788454405  0  0
  0.846438093605  0  0
  0.872087732805  0  0
  0.897737372005  1.29917736091e-05  6.52469353923e-06
  0.923387011205  0.00112655503331  5.43640404567e-05
  0.949036650406  0.0218477365436  0.000203579269156
  0.974686289606  0.148906983728  0.000712982810197
  1.00033592881  0.508814414218  0.0015704617178
  1.02598556801  1.08666032258  0.00247445803859
  1.05163520721  1.68964681745  0.00241895926917
  1.07728484641  2.12276631113  0.00245955051246
  1.10293448561  2.32066534988  0.00216339237705
  1.12858412481  2.32684107212  0.00213087821946
  1.15423376401  2.1985803855  0.00214002926949
  1.17988340321  2.01488673166  0.00192618363965
  1.20553304241  1.8084912883  0.00181168457097
  1.23118268161  1.61287897443  0.00194041548034
  1.25683232081  1.43359312179  0.00171464449705
  1.28248196001  1.27942283001  0.0016939638692
  1.30813159921  1.15086978381  0.0014761369637
  1.33378123841  1.03949630842  0.00151105698997
  1.35943087761  0.950532427967  0.00128935058025
  1.38508051681  0.874445454098  0.00113793298619
  1.41073015601  0.811989565758  0.00113305391574
  1.43637979521  0.763137232538  0.00110682574409
  1.46202943441  0.720952676609  0.00102481777588
  1.48767907361  0.688806966556  0.00101976654685
  1.51332871281  0.664075987713  0.00108341181464
  1.53897835201  0.647989725066  0.00104451314696
  1.56462799121  0.634679831939  0.00107226535545
  1.59027763041  0.629478437636  0.0010053536277
  1.61592726961  0.628550738557  0.000958794507148
  1.64157690881  0.633578394564  0.00103456674703
  1.66722654801  0.644244485967  0.000965956588419
  1.69287618721  0.659236060526  0.000996309909381
  1.71852582641  0.680037409621  0.000939822800928
  1.74417546561  0.706574349279  0.00105674711618
  1.76982510481  0.737178495755  0.000910963648093
  1.79547474401  0.768097651735  0.000979565318127
  1.82112438321  0.805936246534  0.00112634957756
  1.84677402241  0.845109060794  0.0011478373338
  1.87242366161  0.884661089896  0.00113062178012
  1.89807330081  0.925906782863  0.00108918466161
  1.92372294001  0.965455376982  0.00110247572447
  1.94937257921  1.00334925629  0.00104846256972
  1.97502221841  1.03988610357  0.00106119689474
  2.00067185761  1.07466124435  0.00104836090905
  2.02632149681  1.10471217532  0.00102847411145
  2.05197113601  1.12951623648  0.00086746995912
  2.07762077521  1.14612120526  0.000906564097796
  2.10327041441  1.15559731493  0.00104129986526
  2.12892005361  1.15739973235  0.000947768351171
  2.15456969281  1.15081389551  0.000995393877583
  2.18021933201  1.13944223031  0.000996525522927
  2.20586897121  1.12007697547  0.000926388478875
  2.23151861041  1.09831147365  0.000964751109086
  2.25716824961  1.07247138509  0.000949241410136
  2.28281788881  1.04685953617  0.000955601078803
  2.30846752801  1.02021605896  0.000868272711693
  2.33411716721  0.994302509816  0.000950488192811
  2.35976680641  0.969249953941  0.000910270009096
  2.38541644561  0.946684027531  0.000927559055305
  2.41106608481  0.925368683  0.000995173170918
  2.43671572401  0.90982802255  0.000912416837494
  2.46236536321  0.893044990062  0.000948732372071
  2.48801500241  0.881533323037  0.000805624894909
  2.51366464161  0.872395107482  0.000830404913141
  2.53931428081  0.859399928042  0.000745150994565
  2.56496392002  0.851490616605  0.000695096023909
  2.59061355922  0.850572481507  0.000618685166135
