  0.5  0.02628782  0.025505480707
  0.55  0.00290302  0.0153198771335
  0.6  0.00663094  0.0097223442091
  0.65  0.00128132  0.00767197391644
  0.7  0.0055782  0.00602256855612
  0.75  -0.00077824  0.00321330839957
  0.8  0.00314268  0.00317466874846
  0.85  -0.00120054  0.00292529113769
  0.9  0.00223872  0.00183980656235
  0.95  -0.00378218  0.00117476489954
  1  0.00161086  0.00182895923613
  1.05  -0.00078716  0.00121715613654
  1.1  -0.0001831  0.00135111543101
  1.15  -8.342e-05  0.00133463029831
  1.2  -0.00094394  0.000621442658513
  1.25  0.00046936  0.00088051417406
  1.3  0.00072004  0.00079965223036
  1.35  0.00022442  0.000804420538512
  1.4  0.00043122  0.00069481912609
  1.45  -0.00021092  0.000627960316007
  1.5  7.198e-05  0.000687752313249
  1.55  0.00031142  0.000435266946574
  1.6  -0.00012036  0.000530800017257
  1.65  -6.188e-05  0.000381522156735
  1.7  -4.322e-05  0.000524514766599
  1.75  7.808e-05  0.000442944382604
  1.8  -0.00029578  0.000421630704266
  1.85  -0.0003858  0.000255397357073
  1.9  -0.00028436  0.000386638295982
  1.95  -0.00048842  0.000410484729533
  2  0.0004647  0.000360639822399
  2.05  2.52e-05  0.000341737350607
