  1  78.8081632  78.8081632  0
  2  78.4963776  78.6522704  0.11023285602
  3  76.6256112  77.9767173333  0.556460720934
  4  80.8303744  78.6901316  0.745585164321
  5  77.5456864  78.46124256  0.630623806995
  6  80.1125552  78.7364613333  0.582487979003
  7  78.2102928  78.6612944  0.504102024315
  8  78.441456  78.6338146  0.441837631055
  9  77.4910736  78.5068433778  0.410583344022
  10  80.9399536  78.7501544  0.435693654895
  11  80.3342016  78.8941586909  0.419208147964
  12  77.3130976  78.7624036  0.404449500308
  13  82.002496  79.0116414769  0.443533941416
  14  80.6933712  79.1317650286  0.427810502341
  15  80.6333232  79.2318689067  0.410834614062
  16  77.1303568  79.1005244  0.405609948144
  17  80.6845744  79.1937038118  0.392307465589
  18  79.7862736  79.2266243556  0.371891307623
  19  80.675464  79.3028790737  0.360051067226
  20  77.2273408  79.19910216  0.356690834281
  1  59.2346574545  59.2346574545  0
  2  60.5894123636  59.9120349091  0.478978191532
  3  60.2303490909  60.0181396364  0.330862460641
  4  62.8685658182  60.7307461818  0.665156315005
  5  57.086  60.0017969455  0.8415762962
  6  61.0641309091  60.1788526061  0.719697617189
  7  58.3717294545  59.9206921558  0.661567312278
  8  57.9459927273  59.6738547273  0.623221246693
  9  60.0480436364  59.7154312727  0.555359544162
  10  58.950368  59.6389249455  0.505065854288
  11  58.6662356364  59.5504986446  0.466827386749
  12  57.5036974545  59.3799318788  0.458026744001
  13  62.5876407273  59.6266787133  0.484721891813
  14  58.4872189091  59.5452887273  0.456880928443
  15  59.3787301818  59.5341848242  0.426557111576
  16  57.6659447273  59.4174198182  0.41557163246
  17  59.6670545455  59.4321042139  0.39138559593
  18  60.4418210909  59.488199596  0.373640265679
  19  57.8764712727  59.4033717895  0.363476718958
  20  57.9717163636  59.3317890182  0.352281094445
  1  46.131816  46.131816  0
  2  44.836276  45.484046  0.458042559649
  3  43.9657386667  44.9779435556  0.513814714922
  4  43.40206  44.5839726667  0.514696924591
  5  44.3998853333  44.5471552  0.413072260215
  6  43.7890293333  44.4208008889  0.363038093427
  7  46.9525973333  44.7824860952  0.457119632864
  8  44.5048466667  44.7477811667  0.401294930788
  9  42.0240093333  44.4451398519  0.456787154768
  10  44.4516893333  44.4457948  0.411108908828
  11  44.1002373333  44.4143804848  0.374933691145
  12  45.4331866667  44.499281  0.353170922479
  13  43.065648  44.3890015385  0.342789463679
  14  44.16258  44.3728285714  0.318685797682
  15  42.5358893333  44.2503659556  0.320106054359
  16  44.0755626667  44.23944075  0.300285806477
  17  45.6986826667  44.3252785098  0.294635131231
  18  46.4469933333  44.4431515556  0.300922606557
  19  42.54286  44.3431362105  0.30124708564
  20  45.5349733333  44.4027280667  0.29201940058
  1  32.1688430769  32.1688430769  0
  2  32.2146498462  32.1917464615  0.0161951385732
  3  33.3499261538  32.577806359  0.315401436709
  4  32.9776418462  32.6777652308  0.251893319323
  5  33.6338756923  32.8689873231  0.264312064109
  6  34.3611249231  33.1176769231  0.316311959029
  7  33.6704812308  33.196648967  0.280809824229
  8  32.7495556923  33.1407623077  0.251208316149
  9  32.941728  33.1186473846  0.22426760321
  10  31.5608726154  32.9628699077  0.250159321119
  11  32.0006067692  32.8753914406  0.242230367056
  12  31.3194646154  32.7457308718  0.254390714991
  13  31.927344  32.6827780355  0.242486440333
  14  32.1016147692  32.6412663736  0.228691604033
  15  33.4206166154  32.6932230564  0.219268125039
  16  33.0250018462  32.7139592308  0.206542049295
  17  31.8103261538  32.6608043439  0.201116111209
  18  32.9550756923  32.6771527521  0.190606303759
  19  31.7720664615  32.6295166316  0.186431971035
  20  32.5230289231  32.6241922462  0.1771863868
  1  24.6278708571  24.6278708571  0
  2  25.0612765714  24.8445737143  0.153232059788
  3  24.0458342857  24.5783272381  0.240195145915
  4  24.3500617143  24.5212608571  0.18680240816
  5  24.7116777143  24.5593442286  0.153274798802
  6  24.5713714286  24.5613487619  0.127742106009
  7  24.2961028571  24.5234564898  0.114975974714
  8  25.5923074286  24.6570628571  0.160438427708
  9  25.0757988571  24.7035890794  0.149205671911
  10  25.2760251429  24.7608326857  0.144850394445
  11  23.5884114286  24.6542489351  0.166335671429
  12  24.3640468571  24.6300654286  0.154222363105
  13  25.1848914286  24.6727443516  0.148146854269
  14  23.89892  24.6174711837  0.147516140357
  15  24.9136182857  24.6372143238  0.138996634952
  16  23.8024468571  24.5850413571  0.139758426442
  17  24.9800148571  24.6082750924  0.133454582595
  18  24.4026914286  24.5968537778  0.126528224906
  19  23.8449885714  24.5572819248  0.125904940389
  20  25.4046834286  24.599652  0.126538297981
  1  19.15408  19.15408  0
  2  18.4276277333  18.7908538667  0.256839661984
  3  19.7656138667  19.1157738667  0.315753857419
  4  18.7314506667  19.0196930667  0.251008307609
  5  18.9120074667  18.9981559467  0.201728498589
  6  19.1257045333  19.0194140444  0.169223461747
  7  18.3897056  18.9294556952  0.16725893851
  8  18.8936842667  18.9249842667  0.146411327622
  9  19.0058378667  18.933968  0.130418730015
  10  18.8869482667  18.9292660267  0.117461586318
  11  19.0863061333  18.9435424  0.10764734503
  12  18.5915872  18.9142128  0.102594530106
  13  19.6127413333  18.9679457641  0.107859757695
  14  19.1482336  18.9808234667  0.100921315315
  15  19.1638112  18.9930226489  0.0949276716307
  16  18.9108992  18.9878899333  0.0891333464673
  17  19.4627562667  19.0158232471  0.0881586005535
  18  19.1068010667  19.0208775704  0.083405662323
  19  19.1140181333  19.0257797053  0.0791598200583
  20  20.1224693333  19.0806141867  0.0922593866581
  1  15.627156  15.627156  0
  2  15.328324  15.47774  0.105653066818
  3  15.10072  15.3520666667  0.124460168719
  4  15.364685  15.35522125  0.0933850962181
  5  15.651751  15.4145272  0.0916245236252
  6  15.468634  15.423545  0.0767962590857
  7  15.541032  15.4403288571  0.0676345620028
  8  15.46517  15.443434  0.0592514783531
  9  14.858626  15.3784553333  0.0807898939972
  10  15.102473  15.3508571  0.077281122418
  11  15.693401  15.3819974545  0.0762719456647
  12  14.424083  15.30217125  0.10358303165
  13  15.136573  15.2894329231  0.0963951843905
  14  15.273821  15.2883177857  0.089516264018
  15  15.641066  15.3118343333  0.0865824088152
  16  15.706635  15.336509375  0.084614045281
  17  15.155195  15.3258438235  0.0803061285875
  18  14.590487  15.2849906667  0.0856076767587
  19  14.844776  15.2618214737  0.0841789416734
  20  14.957244  15.2465926  0.0813358635455
  1  12.7551924706  12.7551924706  0
  2  12.4005129412  12.5778527059  0.125398150198
  3  12.174208  12.4433044706  0.138049165967
  4  12.4791604706  12.4522684706  0.103827498034
  5  12.8242004706  12.5266548706  0.106423516136
  6  12.0620894118  12.4492272941  0.11340683984
  7  13.0330550588  12.5326312605  0.12414288305
  8  11.8904432941  12.4523577647  0.13205207462
  9  12.5741910588  12.4658947974  0.118071442937
  10  12.4280941176  12.4621147294  0.106324791035
  11  12.5937044706  12.4740774332  0.0973295420211
  12  12.2407896471  12.4546367843  0.0911396111197
  13  12.082304  12.4259958009  0.0885148153997
  14  12.1265797647  12.4046089412  0.0847366826004
  15  12.3952536471  12.4039852549  0.0790898656486
  16  12.3840865882  12.4027415882  0.0741565265613
  17  12.6546738824  12.4175611349  0.0712597740256
  18  12.5739049412  12.426246902  0.0678281809124
  19  12.338624  12.4216351703  0.064414864865
  20  12.5461524706  12.4278610353  0.0614942586466
  1  10.4604968889  10.4604968889  0
  2  10.1204133333  10.2904551111  0.120237694152
  3  10.3228533333  10.3012545185  0.080641990428
  4  10.2986204444  10.300596  0.0604841814761
  5  10.3517128889  10.3108193778  0.0492437725628
  6  10.2938675556  10.3079940741  0.0411174464984
  7  10.2093004444  10.2938949841  0.0375831434218
  8  10.0157351111  10.259125  0.0462522704494
  9  10.4266977778  10.2777441975  0.0447039654374
  10  10.2860737778  10.2785771556  0.0402413282967
  11  10.1510106667  10.266980202  0.0382175457035
  12  10.377392  10.2761811852  0.0361233558632
  13  10.4962151111  10.2931068718  0.0370986090486
  14  10.2977137778  10.2934359365  0.0344501677736
  15  10.6451902222  10.3168862222  0.0393332143899
  16  10.2439822222  10.3123297222  0.0371378713401
  17  10.217608  10.3067578562  0.0353687998472
  18  10.441336  10.3142344198  0.0341849645449
  19  9.98753866667  10.2970399064  0.0364544630796
  20  10.0254791111  10.2834618667  0.0370742824067
  1  8.58251789474  8.58251789474  0
  2  8.78192505263  8.68222147368  0.0705010767823
  3  8.64601010526  8.67015101754  0.0480228912758
  4  8.60436968421  8.65370568421  0.0387307780064
  5  8.72098610526  8.66716176842  0.0332400329033
  6  8.62657515789  8.66039733333  0.0283799724704
  7  8.69598568421  8.66548138346  0.0247768901153
  8  8.71730863158  8.67195978947  0.0225108049046
  9  8.67026273684  8.67177122807  0.0200103940849
  10  8.46321515789  8.65091562105  0.0267543933873
  11  8.81215157895  8.66557343541  0.0280515204774
  12  8.54616421053  8.65562266667  0.0274220832209
  13  8.81452378947  8.66784582996  0.0279042175975
  14  8.96107115789  8.68879049624  0.0328439920964
  15  8.95161094737  8.70631185965  0.0350174730349
  16  8.65536757895  8.70312784211  0.0329733190701
  17  8.77790315789  8.70752639009  0.0313257152667
  18  8.75235452632  8.71001684211  0.0296842304312
  19  8.56674610526  8.70247627701  0.0290638759455
  20  8.46501726316  8.69060332632  0.029937741714
  1  7.4353912  7.4353912  0
  2  7.3603816  7.3978864  0.026519898407
  3  7.7358816  7.51055146667  0.0936742129393
  4  7.2904624  7.4555292  0.0848907833181
  5  7.4695376  7.45833088  0.0679588433375
  6  7.4588288  7.45841386667  0.0566324201167
  7  7.1915632  7.42029234286  0.0600164672225
  8  7.5759104  7.4397446  0.0555774653356
  9  7.3733048  7.4323624  0.0498900609777
  10  7.443264  7.43345256  0.0449129639778
  11  7.5624744  7.44518181818  0.0423338500485
  12  7.6090952  7.45884126667  0.0409504585848
  13  7.307504  7.44719993846  0.0394203991501
  14  7.5228536  7.45260377143  0.0369731857223
  15  7.3779904  7.44762954667  0.0348413061471
  16  7.4760616  7.44940655  0.0327090091732
  17  7.4364896  7.44864672941  0.030793773749
  18  7.3677416  7.444152  0.0294092096462
  19  7.4049272  7.44208753684  0.0279337229585
  20  7.60576  7.45027116  0.0277098795789
  1  6.36145447619  6.36145447619  0
  2  6.43848228571  6.39996838095  0.0272334432271
  3  6.31745904762  6.37246526984  0.028877458423
  4  6.3051032381  6.3556247619  0.026110822631
  5  6.44794895238  6.3740896  0.0266288609243
  6  6.45776838095  6.38803606349  0.0255834805486
  7  6.44211657143  6.39576185034  0.023065748099
  8  6.4010087619  6.39641771429  0.0201918520285
  9  6.36227809524  6.39262442328  0.0183011532163
  10  6.47821409524  6.40118339048  0.0183636983432
  11  6.51547352381  6.4115734026  0.0194122949007
  12  6.24149638095  6.39740031746  0.0223782163385
  13  6.30913828571  6.3906109304  0.0216622703557
  14  6.37513295238  6.38950536054  0.0201431578681
  15  6.378528  6.38877353651  0.0188135699835
  16  6.29957561905  6.38319866667  0.0184452150375
  17  6.27008533333  6.37654494118  0.0185214591992
  18  6.37772495238  6.37661049735  0.0174926052604
  19  6.2775032381  6.37139432581  0.0173322150332
  20  6.49447771429  6.37754849524  0.0175241614803
  1  5.53734909091  5.53734909091  0
  2  5.64863781818  5.59299345455  0.039346506862
  3  5.53401818182  5.5733350303  0.0307522578596
  4  5.54977963636  5.56744618182  0.0236213022356
  5  5.58763781818  5.57148450909  0.0192391439021
  6  5.56805236364  5.57091248485  0.0160411214662
  7  5.57415709091  5.571376  0.0137562277907
  8  5.62333890909  5.57787136364  0.0134832548229
  9  5.63946327273  5.58471490909  0.0136115140601
  10  5.61372218182  5.58761563636  0.0125556434322
  11  5.74681381818  5.60208819835  0.0179080465177
  12  5.68236145455  5.60877763636  0.0176208695768
  13  5.62670181818  5.61015641958  0.0163192718616
  14  5.59353963636  5.60896950649  0.0151967108365
  15  5.70265381818  5.61521512727  0.0154136847626
  16  5.56436218182  5.61203681818  0.0147743804364
  17  5.62020945455  5.6125175615  0.0139131184852
  18  5.57043927273  5.61017987879  0.0133351101787
  19  5.60868072727  5.61010097608  0.0126334957027
  20  5.61382472727  5.61028716364  0.0120031928191
  1  5.01838469565  5.01838469565  0
  2  4.9987533913  5.00856904348  0.00694071421399
  3  4.95573286957  4.99095698551  0.0151062958584
  4  4.9080466087  4.9702293913  0.0212270457028
  5  5.04751026087  4.98568556522  0.021897274487
  6  4.85677147826  4.96419988406  0.0267894571901
  7  5.03004591304  4.97360645963  0.0245583912593
  8  4.91781565217  4.9666326087  0.0224569560155
  9  4.99818156522  4.97013804831  0.0202334814805
  10  4.93928765217  4.9670530087  0.0184438249412
  11  4.99648904348  4.96972901186  0.016960132413
  12  4.96917426087  4.96968278261  0.0155468510501
  13  4.92309495652  4.96609910368  0.0147581947749
  14  4.98531686957  4.96747180124  0.0137677290609
  15  4.95893773913  4.96690286377  0.0128616304674
  16  4.97587686957  4.96746373913  0.0120700018114
  17  4.90178504348  4.96360028645  0.011962353017
  18  4.89840208696  4.95997816425  0.0118334558542
  19  4.93490086957  4.95865830664  0.0112840082152
  20  4.90581565217  4.95601617391  0.0110247948472
  1  4.31787266667  4.31787266667  0
  2  4.301074  4.30947333333  0.00593922555729
  3  4.344156  4.32103422222  0.0102362238713
  4  4.402406  4.34137716667  0.0192175817552
  5  4.54125733333  4.3813532  0.038920797524
  6  4.44087133333  4.39127288889  0.0336743880697
  7  4.30019733333  4.37826209524  0.0312764207942
  8  4.36870933333  4.377068  0.0273896532527
  9  4.35967066667  4.37513496296  0.0244144756335
  10  4.44955733333  4.3825772  0.0230794749826
  11  4.432254  4.38709327273  0.0214186249692
  12  4.461152  4.39326483333  0.0205036064113
  13  4.40729933333  4.39434441026  0.018954806106
  14  4.44751333333  4.39814219048  0.0179773270598
  15  4.27301133333  4.38980013333  0.0186139736206
  16  4.49542133333  4.39640145833  0.0185843307192
  17  4.39544066667  4.39634494118  0.0174912207321
  18  4.39978066667  4.39653581481  0.0165205276722
  19  4.42221066667  4.39788712281  0.0157061945703
  20  4.38603733333  4.39729463333  0.0149320559887
  1  3.95964096  3.95964096  0
  2  3.83768896  3.89866496  0.0431165430896
  3  3.96448704  3.92060565333  0.0338698641793
  4  4.02415488  3.94649296  0.0338806185868
  5  3.90882496  3.93895936  0.027929513875
  6  3.9051136  3.9333184  0.0238374451721
  7  3.91923648  3.93130669714  0.0205168066279
  8  3.939616  3.93234536  0.0179784777173
  9  3.91981376  3.93095296  0.0160346978339
  10  3.95666432  3.933524096  0.0146359150498
  11  3.92879744  3.9330944  0.0133116835485
  12  3.96839296  3.93603594667  0.0125231638604
  13  3.95188736  3.93725528615  0.0116190534739
  14  3.9442528  3.93775510857  0.0107998662829
  15  4.00365184  3.942148224  0.0109369427303
  16  3.92652288  3.94117164  0.010296892181
  17  3.9893504  3.94400568471  0.0100736569737
  18  3.97535936  3.94574755556  0.00966343243076
  19  3.95431488  3.94619846737  0.00916534483347
  20  3.956912  3.946734144  0.00872271759088
  1  3.617344  3.617344  0
  2  3.622352  3.619848  0.00177059538055
  3  3.56536923077  3.60168841026  0.0148741544295
  4  3.56479938462  3.59246615385  0.0137198860908
  5  3.56541169231  3.58705526154  0.0119955316695
  6  3.53198338462  3.57787661538  0.0130434592563
  7  3.60426953846  3.58164703297  0.0117123865226
  8  3.611776  3.58541315385  0.010836934261
  9  3.57190523077  3.5839122735  0.00973620926373
  10  3.55239323077  3.58076036923  0.00925872587695
  11  3.60356984615  3.58283395804  0.00864610706256
  12  3.55471507692  3.58049071795  0.00823700889347
  13  3.54733415385  3.57794021302  0.00798850846119
  14  3.60310215385  3.57973749451  0.00761739730454
  15  3.53536123077  3.57677907692  0.00766255502401
  16  3.58963323077  3.57758246154  0.00722563823906
  17  3.60136369231  3.57898135747  0.00693469302096
  18  3.61226215385  3.5808302906  0.00679144296129
  19  3.58997476923  3.58131157895  0.00645102975467
  20  3.63444246154  3.58396812308  0.00665301519951
  1  3.29391348148  3.29391348148  0
  2  3.24084859259  3.26738103704  0.0187612713881
  3  3.25817066667  3.26431091358  0.0127562410199
  4  3.28809185185  3.27025614815  0.0108646356745
  5  3.23811674074  3.26382826667  0.0104211288069
  6  3.29015644444  3.2682162963  0.00956359163872
  7  3.29142162963  3.27153134392  0.00875307872514
  8  3.15528118519  3.25700007407  0.0156020030517
  9  3.22415466667  3.25335058436  0.0142889026101
  10  3.23540859259  3.25155638519  0.0129721684092
  11  3.28881422222  3.25494346128  0.0122270755696
  12  3.26800948148  3.2560322963  0.0112565292037
  13  3.26063111111  3.25638605128  0.0103961995226
  14  3.2271917037  3.25430074074  0.00986053607552
  15  3.29798933333  3.25721331358  0.0096237115887
  16  3.21473244444  3.25455825926  0.00938133031994
  17  3.26902577778  3.25540928976  0.00886800410694
  18  3.22640414815  3.253797893  0.00852048222782
  19  3.30444977778  3.25646378168  0.00847883680889
  20  3.27522548148  3.25740186667  0.00810662298551
  1  2.93762114286  2.93762114286  0
  2  2.94883657143  2.94322885714  0.00396525279833
  3  2.98155542857  2.95600438095  0.0107609219486
  4  3.00342971429  2.96786071429  0.0130600743011
  5  2.95505257143  2.96529908571  0.010696331092
  6  2.98998514286  2.96941342857  0.00967258724602
  7  2.96785314286  2.96919053061  0.00829335693359
  8  2.99870628571  2.97288  0.00803555674067
  9  2.98902171429  2.97467352381  0.00734014448647
  10  2.960108  2.97321697143  0.00674909952744
  11  2.98297485714  2.97410405195  0.00619356820906
  12  2.96725542857  2.97353333333  0.00570367191164
  13  2.99272685714  2.97500975824  0.00545267065086
  14  2.91215028571  2.97051979592  0.00666000855488
  15  2.96475142857  2.9701352381  0.0062271005293
  16  2.97013428571  2.97013517857  0.0058379067465
  17  3.00298057143  2.9720672605  0.00580541912691
  18  2.96556971429  2.97170628571  0.00549410689464
  19  2.92214971429  2.96909804511  0.00579105397921
  20  2.97260171429  2.96927322857  0.00550415035394
  1  2.77120827586  2.77120827586  0
  2  2.72542786207  2.74831806897  0.0161858205193
  3  2.76614510345  2.75426041379  0.011831182508
  4  2.74244303448  2.75130606897  0.00923488547627
  5  2.74927613793  2.75090008276  0.00739682702829
  6  2.74524744828  2.74995797701  0.00622372956542
  7  2.75041213793  2.75002285714  0.00533496350702
  8  2.75797131034  2.75101641379  0.00475971147895
  9  2.75338924138  2.7512800613  0.00423815027185
  10  2.75181627586  2.75133368276  0.00381467444133
  11  2.74220303448  2.75050362382  0.00355704849222
  12  2.71805241379  2.74779935632  0.00416357231008
  13  2.70482813793  2.74449387798  0.00498564408268
  14  2.71753434483  2.74256819704  0.00498757348585
  15  2.7431177931  2.74260483678  0.00465520316634
  16  2.74053406897  2.74247541379  0.00436605169326
  17  2.74178813793  2.7424349858  0.00410941229279
  18  2.74536165517  2.74259757854  0.00388432684508
  19  2.718144  2.74131054809  0.00388726715993
  20  2.70174013793  2.73933202759  0.00416609586082
  1  2.53501173333  2.53501173333  0
  2  2.5308096  2.53291066667  0.00148567848791
  3  2.53392266667  2.533248  0.00102803615052
  4  2.49364213333  2.52334653333  0.00860951592265
  5  2.51490773333  2.52165877333  0.00705110177805
  6  2.55298186667  2.52687928889  0.00756557331872
  7  2.5032928  2.52350979048  0.00719610468369
  8  2.53725546667  2.525228  0.00649848284039
  9  2.52477066667  2.52517718519  0.00577662786096
  10  2.53773173333  2.52643264  0.00533364677895
  11  2.5282848  2.52660101818  0.00485142684099
  12  2.53333173333  2.52716191111  0.00447944746833
  13  2.5380656  2.52800065641  0.00421266739988
  14  2.54946666667  2.52953394286  0.00418149825019
  15  2.50986346667  2.52822257778  0.00410321189683
  16  2.54182346667  2.52907263333  0.00393382811838
  17  2.56712266667  2.53131087059  0.00429219980249
  18  2.52777066667  2.53111419259  0.00405824786445
  19  2.54161813333  2.53166703158  0.00388212878157
  20  2.46840906667  2.52850413333  0.00480679080523
  1  2.32362787097  2.32362787097  0
  2  2.35175380645  2.33769083871  0.00994401985392
  3  2.33465548387  2.33667905376  0.00668062186135
  4  2.35659716129  2.34165858065  0.00661071399167
  5  2.33675664516  2.34067819355  0.00536077535014
  6  2.31142451613  2.33580258065  0.00630607256788
  7  2.322496  2.33390164055  0.00568450439414
  8  2.35408619355  2.33642470968  0.00550547323878
  9  2.34360051613  2.33722202151  0.00495115140641
  10  2.34797677419  2.33829749677  0.0045713500796
  11  2.31513083871  2.33619143695  0.00461548582107
  12  2.33768929032  2.33631625806  0.00423254949608
  13  2.31692387097  2.33482453598  0.00416154632396
  14  2.34525625806  2.33556965899  0.00393043395384
  15  2.33844025806  2.33576103226  0.00367306106188
  16  2.33031741935  2.33542080645  0.00345921596056
  17  2.33153858065  2.33519244023  0.00326326196145
  18  2.3545476129  2.3362677276  0.00325431160361
  19  2.32842683871  2.33585504924  0.0031090877579
  20  2.32579767742  2.33535218065  0.00299402455952
  1  2.1777605  2.1777605  0
  2  2.172737  2.17524875  0.00177607545766
  3  2.176676  2.1757245  0.00124614090953
  4  2.189232  2.179101375  0.00307017122575
  5  2.163681  2.1760173  0.00369348395852
  6  2.1939545  2.17900683333  0.00411354429612
  7  2.19072  2.18068014286  0.00385122138158
  8  2.2036395  2.1835500625  0.00430842918504
  9  2.1878375  2.18402644444  0.00385596160723
  10  2.172018  2.1828256  0.00365256909233
  11  2.1959805  2.1840215  0.00351083982151
  12  2.189173  2.18445079167  0.00324440972498
  13  2.204052  2.18595857692  0.00332680076071
  14  2.190649  2.18629360714  0.00310599617028
  15  2.174821  2.18552876667  0.00299161761774
  16  2.198333  2.18632903125  0.00290970977547
  17  2.1899655  2.18654294118  0.00274640201143
  18  2.196614  2.18710244444  0.00265020304016
  19  2.137404  2.18448673684  0.00357568638402
  20  2.165909  2.18355785  0.00351548472691
  1  2.03005721212  2.03005721212  0
  2  2.02205963636  2.02605842424  0.00282757002566
  3  2.03497163636  2.02902949495  0.0030721721574
  4  2.02498036364  2.02801721212  0.00246526842061
  5  2.02807612121  2.02802899394  0.0019722428896
  6  2.00612993939  2.02437915152  0.00371514932422
  7  2.00586763636  2.02173464935  0.004016817944
  8  2.04008048485  2.02402787879  0.00411761642873
  9  2.07849406061  2.03007967677  0.00677873544802
  10  2.04044121212  2.0311158303  0.0061795443761
  11  2.01235587879  2.02941038017  0.00584837230203
  12  2.00489454545  2.02736739394  0.00570669631484
  13  2.03634472727  2.02805795804  0.00530933765865
  14  2.03163248485  2.02831328139  0.00493623462157
  15  2.02750012121  2.02825907071  0.00460744997989
  16  2.03907927273  2.02893533333  0.00436883200026
  17  2.04806448485  2.03006057754  0.00425428458592
  18  2.0620969697  2.0318403771  0.00437441528944
  19  2.06163248485  2.03340838278  0.00441627575463
  20  2.04496824242  2.03398637576  0.00423311625273
  1  1.88653694118  1.88653694118  0
  2  1.91313976471  1.89983835294  0.00940551845817
  3  1.89053835294  1.89673835294  0.00676194506754
  4  1.92724376471  1.90436470588  0.00832710266265
  5  1.957552  1.91500216471  0.0116147506637
  6  1.90695952941  1.91366172549  0.00975600120616
  7  1.90765788235  1.91280403361  0.00839990382377
  8  1.91606494118  1.91321164706  0.00735979911893
  9  1.91733929412  1.91367027451  0.00655631782247
  10  1.89919388235  1.91222263529  0.00605839823008
  11  1.89728188235  1.91086438503  0.00565784157673
  12  1.91063294118  1.91084509804  0.00518638765223
  13  1.909664  1.91075424434  0.00478823046465
  14  1.91839105882  1.91129973109  0.0044771777681
  15  1.89077694118  1.9099315451  0.00438276908033
  16  1.93158635294  1.91128497059  0.0043127591029
  17  1.89658823529  1.91042045675  0.00414480982554
  18  1.90739529412  1.91025239216  0.00391794848993
  19  1.91899623529  1.91071259443  0.00373867066312
  20  1.89915011765  1.91013447059  0.00359615801306
  1  1.78920045714  1.78920045714  0
  2  1.7777184  1.78345942857  0.00405952023387
  3  1.80706011429  1.79132632381  0.00697015114006
  4  1.77830994286  1.78807222857  0.00593883770228
  5  1.79009188571  1.78847616  0.00476478710559
  6  1.78172754286  1.78735139048  0.00410126368903
  7  1.8099744  1.79058324898  0.00461634030485
  8  1.79754788571  1.79145382857  0.00412056994492
  9  1.77707108571  1.78985574603  0.00396051603572
  10  1.77743405714  1.78861357714  0.0037542098878
  11  1.7846144  1.78825001558  0.00343047675037
  12  1.80921737143  1.78999729524  0.00356189598754
  13  1.79563291429  1.7904308044  0.00331417963587
  14  1.80198354286  1.791256  0.00317852523427
  15  1.79485577143  1.79149598476  0.0029756694159
  16  1.81097554286  1.79271345714  0.00302852600929
  17  1.77943085714  1.79193212773  0.00294944346559
  18  1.78445714286  1.79151685079  0.00281466883604
  19  1.79326537143  1.7916088782  0.00266803239427
  20  1.78974994286  1.79151593143  0.00253624926018
  1  1.69009511111  1.69009511111  0
  2  1.67281111111  1.68145311111  0.00611081680304
  3  1.687144  1.68335007407  0.00435837812467
  4  1.68246311111  1.68312833333  0.00327441947499
  5  1.67955511111  1.68241368889  0.00269639388824
  6  1.71357155556  1.68760666667  0.00524609390676
  7  1.69512088889  1.68868012698  0.00460516870719
  8  1.68534  1.68826261111  0.00404840488359
  9  1.68819466667  1.68825506173  0.00359858915771
  10  1.683456  1.68777515556  0.00327057372968
  11  1.67631511111  1.68673333333  0.0031347934697
  12  1.66174133333  1.68465066667  0.00349762677525
  13  1.67104755556  1.6836042735  0.00338148371722
  14  1.70775111111  1.68532904762  0.00355269440426
  15  1.68942444444  1.68560207407  0.00332632268052
  16  1.689932  1.68587269444  0.00312941661129
  17  1.68697288889  1.68593741176  0.00294600239249
  18  1.67615955556  1.68539419753  0.00283197451038
  19  1.69929066667  1.68612559064  0.00277576266473
  20  1.68464  1.68605131111  0.00263796820606
  1  1.58542789189  1.58542789189  0
  2  1.59770594595  1.59156691892  0.0043409476407
  3  1.59394594595  1.59235992793  0.00296551448426
  4  1.58148151351  1.58964032432  0.0032394387104
  5  1.58776345946  1.58926495135  0.00261320881609
  6  1.5975347027  1.59064324324  0.00251502244352
  7  1.6118867027  1.59367802317  0.00354138076852
  8  1.59414659459  1.59373659459  0.00309919249544
  9  1.59017167568  1.59334049249  0.00278003508049
  10  1.58408778378  1.59241522162  0.00265154210894
  11  1.57704735135  1.59101814251  0.00275406365661
  12  1.58994118919  1.5909283964  0.00252602019772
  13  1.61525189189  1.59279943451  0.00294420932375
  14  1.59874032432  1.59322378378  0.00276432026844
  15  1.58819416216  1.59288847568  0.00260028892742
  16  1.59881556757  1.59325891892  0.0024640166895
  17  1.58567178378  1.59281261685  0.00235914718073
  18  1.59625686486  1.59300396396  0.00223582992983
  19  1.59916583784  1.59332827312  0.00214154617785
  20  1.59307459459  1.59331558919  0.00203450643072
  1  1.51322905263  1.51322905263  0
  2  1.50967326316  1.51145115789  0.00125716142466
  3  1.50502905263  1.50931045614  0.0019384255753
  4  1.52327452632  1.51280147368  0.00335469712958
  5  1.49727536842  1.50969625263  0.00386218508625
  6  1.52122947368  1.51161845614  0.00366574924463
  7  1.50569389474  1.51077209023  0.00323830363715
  8  1.49105810526  1.50830784211  0.00365270654058
  9  1.49331073684  1.50664149708  0.00360696818595
  10  1.50712463158  1.50668981053  0.00324659491791
  11  1.51335242105  1.50729550239  0.00300741885174
  12  1.52827873684  1.50904410526  0.00322533108776
  13  1.49419663158  1.5079019919  0.00317300699861
  14  1.49590484211  1.50704505263  0.00305989385678
  15  1.50533431579  1.50693100351  0.00285802557628
  16  1.50596463158  1.50687060526  0.00268003709552
  17  1.48975663158  1.50586390093  0.00270486213831
  18  1.49187578947  1.50508678363  0.00266388833492
  19  1.51631578947  1.50567778393  0.00258841215413
  20  1.50316968421  1.50555237895  0.00246202752125
  1  1.41587528205  1.41587528205  0
  2  1.43785435897  1.42686482051  0.00777077716827
  3  1.41898420513  1.42423794872  0.00560696633917
  4  1.42173292308  1.42361169231  0.00424005460499
  5  1.42730133333  1.42434962051  0.00345566068687
  6  1.41676389744  1.42308533333  0.00310238452976
  7  1.41955528205  1.42258104029  0.00269986210343
  8  1.42575835897  1.42297820513  0.00239141350803
  9  1.42158605128  1.42282352137  0.00213069772665
  10  1.41613825641  1.42215499487  0.00201978510684
  11  1.44405989744  1.42414634965  0.00264130807772
  12  1.44194133333  1.42562926496  0.00280677565891
  13  1.43449271795  1.42631106903  0.00267239688402
  14  1.42994789744  1.42657084249  0.00249410522605
  15  1.42910441026  1.42673974701  0.00233354376839
  16  1.45190851282  1.42831279487  0.00266567890185
  17  1.42586953846  1.42816907391  0.00251274565547
  18  1.41661948718  1.4275274302  0.00245370509376
  19  1.43351097436  1.42784235358  0.00234468521262
  20  1.42284061538  1.42759226667  0.00224074854295
  1  1.351376  1.351376  0
  2  1.3753496  1.3633628  0.00847594756472
  3  1.3599768  1.36223413333  0.00572528581669
  4  1.376496  1.3657996  0.00528890767172
  5  1.348476  1.36233488  0.00524460257151
  6  1.365912  1.36293106667  0.0044042579132
  7  1.3569492  1.36207651429  0.00385709119011
  8  1.3559292  1.3613081  0.0034506481701
  9  1.3753356  1.36286671111  0.00340107753022
  10  1.3428424  1.36086428  0.00360253983964
  11  1.368528  1.36156098182  0.00334172544905
  12  1.3656004  1.3618976  0.00308015575437
  13  1.3444456  1.36055513846  0.00312209479544
  14  1.3726776  1.36142102857  0.00301677350221
  15  1.3653316  1.36168173333  0.00282689766948
  16  1.3592548  1.36153005  0.00265428289489
  17  1.3608448  1.36148974118  0.00249845465982
  18  1.3789252  1.36245837778  0.00254048957225
  19  1.36989  1.36284951579  0.00243670369808
  20  1.3535124  1.36238266  0.00235916782893
  1  1.29027590244  1.29027590244  0
  2  1.29408507317  1.2921804878  0.00134674522746
  3  1.29919141463  1.29451746341  0.00210880747855
  4  1.29932721951  1.29571990244  0.00189363961929
  5  1.28947004878  1.29446993171  0.00188279019253
  6  1.29877736585  1.2951878374  0.00170036050234
  7  1.29315004878  1.29489672474  0.00148216255789
  8  1.28576858537  1.29375570732  0.00167961606901
  9  1.29962029268  1.29440732791  0.00161445219014
  10  1.28702165854  1.29366876098  0.00161312190098
  11  1.29309229268  1.29361635477  0.0014673254804
  12  1.29493697561  1.2937264065  0.00134916907224
  13  1.28940995122  1.29339437148  0.0012855952196
  14  1.29841443902  1.29375294774  0.00124276807505
  15  1.29593639024  1.29389851057  0.00116841050783
  16  1.29897326829  1.29421568293  0.00113761983214
  17  1.30386770732  1.29478344907  0.00120407508202
  18  1.30301853659  1.29524095393  0.00122100994166
  19  1.29918673171  1.29544862644  0.00117427419987
  20  1.28170497561  1.2947614439  0.00130118563625
