  1  0.3274643168  0.3274643168  0
  2  0.333513873408  0.330489095104  0.00213884125035
  3  0.338668748288  0.333215646165  0.0026437148047
  4  0.3211310048  0.330194485824  0.00328283385026
  5  0.331767740288  0.330509136717  0.00264130326242
  6  0.318499224448  0.328507484672  0.002860703101
  7  0.349033465728  0.33143976768  0.00365819826622
  8  0.3336967392  0.33172188912  0.00321178370804
  9  0.344809019392  0.333176014706  0.00316703339273
  10  0.319276047872  0.331786018022  0.00314058324447
  11  0.313168142208  0.330093483857  0.00327958904462
  12  0.336715268992  0.330645299285  0.00305236048874
  13  0.300540206592  0.328329522924  0.00359011974198
  14  0.316421272448  0.327478933605  0.00343296712153
  15  0.324874754048  0.327305321634  0.00320848959473
  16  0.34849912  0.328629934032  0.00326997751449
  17  0.305891261952  0.327292365086  0.00334000467247
  18  0.324489460608  0.327136648171  0.00315807667001
  19  0.312144256512  0.326347574925  0.00308886793429
  20  0.341398004608  0.32710009641  0.0030247018897
  1  0.402777478982  0.402777478982  0
  2  0.378334236668  0.390555857825  0.00864199119724
  3  0.394540429752  0.391884048467  0.00586250410764
  4  0.385692743828  0.390336222307  0.00459666849169
  5  0.409710441362  0.394211066118  0.0050531497929
  6  0.399867998783  0.395153888229  0.00429801464735
  7  0.40434353719  0.396466695224  0.00387933007395
  8  0.404689605924  0.397494559061  0.00352795779531
  9  0.405184494969  0.398348996384  0.00323777789819
  10  0.418520254836  0.400366122229  0.00348616030031
  11  0.403612873415  0.400661281428  0.00318170707433
  12  0.388654342241  0.399660703163  0.00306986603374
  13  0.394306378473  0.399248832033  0.00286121860919
  14  0.391941752066  0.398726897749  0.00270403162548
  15  0.407625351828  0.399320128021  0.00258801847053
  16  0.404577466076  0.39964871165  0.00244703746193
  17  0.39540219758  0.399398916704  0.00231580858931
  18  0.396288317779  0.399226105653  0.00219359086272
  19  0.414642986737  0.400037520447  0.0022231514029
  20  0.404364111974  0.400253850023  0.00212249299431
  1  0.427563540533  0.427563540533  0
  2  0.426515535556  0.427039538044  0.000370525713225
  3  0.422094825867  0.425391300652  0.0013682623299
  4  0.425580415644  0.4254385794  0.00102701325427
  5  0.417386540089  0.423828171538  0.00165824448433
  6  0.425981129867  0.424186997926  0.00142016294595
  7  0.421285031022  0.423772431225  0.00127635812913
  8  0.420671814756  0.423384854167  0.00117418527803
  9  0.415389709867  0.4224965048  0.00133821956207
  10  0.408724586667  0.421119312987  0.00177695389773
  11  0.412494729867  0.420335259976  0.0017800032944
  12  0.4188574592  0.420212109911  0.0016359242269
  13  0.424320540089  0.420528143002  0.00154030758783
  14  0.446853546667  0.422408528978  0.00230846432728
  15  0.4160630968  0.421985500166  0.00219298445934
  16  0.428439453867  0.422388872272  0.00209269176823
  17  0.416625638311  0.42204985851  0.00199686338148
  18  0.425160975556  0.422222698346  0.00189339188469
  19  0.417139014756  0.421955136051  0.00181254620604
  20  0.413074644978  0.421511111498  0.00177547306303
  1  0.417389767877  0.417389767877  0
  2  0.425030453321  0.421210110599  0.00270139024512
  3  0.426874746623  0.423098322607  0.00237070323712
  4  0.428900233165  0.424548800246  0.00217699232223
  5  0.431092888691  0.425857617935  0.00209846423841
  6  0.437174026907  0.427743686097  0.00245405784896
  7  0.435836801893  0.428899845497  0.00236016251919
  8  0.435425842291  0.429715595096  0.00220160823187
  9  0.415299100478  0.428113762361  0.00247195516081
  10  0.420127446798  0.427315130804  0.00235023118081
  11  0.414210179408  0.426123771586  0.00241976316506
  12  0.418293234064  0.425471226793  0.00230442395817
  13  0.429452000114  0.425777440125  0.00214740911531
  14  0.424641467456  0.42569629922  0.00199555513553
  15  0.438506816833  0.426550333728  0.00203708706627
  16  0.431234630892  0.426843102301  0.00193069274012
  17  0.419869658963  0.426432899751  0.00186018885885
  18  0.436151122632  0.426972801022  0.00183352223248
  19  0.423842260904  0.426808035753  0.00174440847977
  20  0.425665270533  0.426750897492  0.00165812357623
  1  0.427934374596  0.427934374596  0
  2  0.434516937078  0.431225655837  0.00232728728417
  3  0.435154321241  0.432535210971  0.00188428213024
  4  0.428591464424  0.431549274335  0.00165112698136
  5  0.435796589127  0.432398737293  0.00152382769748
  6  0.43438996898  0.432730609241  0.00130549523363
  7  0.433609631282  0.432856183818  0.00112501916454
  8  0.450169197453  0.435020310522  0.00225100888455
  9  0.446862204082  0.436336076473  0.00235424467356
  10  0.428237634286  0.435526232255  0.00225381054195
  11  0.430447777959  0.435064554591  0.00209567103007
  12  0.430371577143  0.434673473137  0.00195718226084
  13  0.427844896327  0.434148197998  0.00187579342666
  14  0.428856696098  0.433770233577  0.00177947991491
  15  0.439701699331  0.434165664627  0.00170421745965
  16  0.42749188382  0.433748553327  0.00164795801624
  17  0.425076085812  0.433238408179  0.00162806641755
  18  0.41939230818  0.432469180401  0.00170971006456
  19  0.428548656065  0.432262837015  0.00163212952712
  20  0.437287027984  0.432514046563  0.00156973649263
  1  0.435553952654  0.435553952654  0
  2  0.426679306866  0.43111662976  0.00313766110882
  3  0.450560133746  0.437597797755  0.00569027338175
  4  0.439872339911  0.438166433294  0.00429602328429
  5  0.442299182592  0.438992983154  0.00351543311899
  6  0.443442990592  0.43973465106  0.00300674652912
  7  0.424565162894  0.437567581322  0.00326608709697
  8  0.443077608334  0.438256334699  0.0029295484648
  9  0.439407771648  0.438384272137  0.00260683518552
  10  0.433961306795  0.437941975603  0.0023833781165
  11  0.442882359694  0.43839110143  0.00220861885249
  12  0.432565623694  0.437905644952  0.00207723413937
  13  0.443465722311  0.43833334321  0.00196098373043
  14  0.432400680732  0.437909581605  0.00186613853575
  15  0.441796482788  0.43816870835  0.00175962813689
  16  0.443782927644  0.438519597056  0.00168427354481
  17  0.441372033422  0.43868738743  0.00159353450321
  18  0.445475698688  0.439064515834  0.0015489880152
  19  0.432069798343  0.438696372808  0.00151057666392
  20  0.446520474226  0.439087577879  0.00148484060208
  1  0.4364798112  0.4364798112  0
  2  0.4424964318  0.4394881215  0.00212719661305
  3  0.4417990072  0.440258416733  0.00155134315285
  4  0.4411852542  0.4404901261  0.0011806846787
  5  0.44048372155  0.44048884519  0.000944548437782
  6  0.44365522555  0.44101657525  0.000922846807286
  7  0.4287196638  0.439259873614  0.00180854711686
  8  0.4412471502  0.439508283187  0.00159944766209
  9  0.4379596782  0.439336215967  0.00143095674621
  10  0.44845837595  0.440248431965  0.00155161540485
  11  0.44599083755  0.440770468836  0.00149580269756
  12  0.43126298875  0.439978178829  0.00156699466212
  13  0.43653982  0.439713689688  0.00146860822474
  14  0.44047069155  0.43976776125  0.00136470268395
  15  0.4462357502  0.440198960513  0.00134011428773
  16  0.44875902155  0.440733964328  0.00135896027881
  17  0.44093198555  0.440745612635  0.00127907135955
  18  0.4387688302  0.440635791389  0.00121271730897
  19  0.4442411438  0.440825546779  0.00116364101769
  20  0.4425533112  0.440911935  0.00110866104188
  1  0.438892306203  0.438892306203  0
  2  0.433999642397  0.4364459743  0.00172981787772
  3  0.436303766367  0.436398571656  0.00115386122912
  4  0.44262280929  0.437954631064  0.0016015307564
  5  0.442322233534  0.438828151558  0.00150065550054
  6  0.436747066287  0.438481304013  0.00129000721221
  7  0.452331399485  0.44045988908  0.00213966344091
  8  0.435813266159  0.439879061215  0.00194944719279
  9  0.445010571914  0.440449229071  0.00181430739933
  10  0.44329238637  0.440733544801  0.00165500395034
  11  0.438734376747  0.44055180225  0.00151449510603
  12  0.434402679186  0.440039375328  0.00147242686298
  13  0.44378077347  0.440327175185  0.00138700471415
  14  0.441922765464  0.44044114592  0.0012926069781
  15  0.443426382129  0.440640161667  0.00122165780802
  16  0.437979179228  0.440473850264  0.0011565692647
  17  0.439513781769  0.440417375647  0.00108991371807
  18  0.436312813575  0.440189344421  0.00105294707565
  19  0.43681987654  0.440012004006  0.00101235275631
  20  0.439493493636  0.439986078487  0.000962067026791
  1  0.436899463546  0.436899463546  0
  2  0.436256247151  0.436577855348  0.000227411337349
  3  0.440909976296  0.438021895664  0.00118876117925
  4  0.439576589867  0.438410569215  0.000952994747457
  5  0.436850713126  0.438098597997  0.000811854780937
  6  0.436191110281  0.437780683378  0.000736164908069
  7  0.426725853867  0.436201422019  0.00159246046459
  8  0.443233024632  0.437080372346  0.0016178863146
  9  0.429792439269  0.436270602004  0.00162820816683
  10  0.437136318262  0.43635717363  0.00146768704693
  11  0.428897334321  0.43567900642  0.00148268438395
  12  0.438387174558  0.435904687098  0.00137619570313
  13  0.434629591546  0.435806602825  0.00127382503272
  14  0.440414716049  0.436135753769  0.00122462499223
  15  0.437058227793  0.436197252038  0.00114452644569
  16  0.435385451299  0.436146514491  0.00107411756708
  17  0.431257795595  0.435858942792  0.00104872343475
  18  0.439976578805  0.436087700348  0.0010151038527
  19  0.430413719348  0.435789069769  0.00100464412691
  20  0.438026600138  0.435900946287  0.000960620971944
  1  0.42799116254  0.42799116254  0
  2  0.435487375211  0.431739268875  0.0026503114066
  3  0.434378969529  0.432619169093  0.00190735269036
  4  0.435866491781  0.433430999765  0.00159394904729
  5  0.431541366427  0.433053073097  0.0013192020068
  6  0.425135319543  0.431733447505  0.00163086292331
  7  0.427466024563  0.431123815656  0.00150752561907
  8  0.42128257202  0.429893660202  0.00175045912676
  9  0.42864131177  0.429754510376  0.00156148461492
  10  0.427342143823  0.429513273721  0.00142384876852
  11  0.428100474362  0.429384837415  0.00130018777684
  12  0.428373558746  0.429300564193  0.00119456680809
  13  0.435304230684  0.429762384692  0.00118859953088
  14  0.436498172135  0.430243512367  0.00119712238625
  15  0.433928026912  0.43048914667  0.00114223678762
  16  0.430143554801  0.430467547178  0.00107105119017
  17  0.434199999858  0.430687103218  0.00103030597697
  18  0.431662249307  0.430741278001  0.000974490004248
  19  0.432338993604  0.430825368296  0.000926822098069
  20  0.430456446759  0.430806922219  0.000880664535557
  1  0.420959715552  0.420959715552  0
  2  0.424349041632  0.422654378592  0.00119830772741
  3  0.4210768248  0.422128527328  0.000906941315595
  4  0.4204090168  0.421698649696  0.000775420059193
  5  0.419137264512  0.421186372659  0.000771206212104
  6  0.416780877312  0.420452123435  0.000928598604406
  7  0.420727612928  0.420491479077  0.000796775205111
  8  0.4203974528  0.420479725792  0.000697264985829
  9  0.4167787832  0.420068509948  0.000731061390651
  10  0.417105733632  0.419772232317  0.000715477116757
  11  0.419365349248  0.419735242947  0.000651389195359
  12  0.421060695552  0.419845697331  0.000606399188409
  13  0.419937110912  0.419852729145  0.00055979386602
  14  0.4178723512  0.419711273577  0.000537383833953
  15  0.420806984928  0.419784321001  0.000506498638507
  16  0.425655359488  0.420151260906  0.000593047184524
  17  0.4277419  0.420597769088  0.000706531539565
  18  0.419919409152  0.420560082425  0.000668284142044
  19  0.421746283392  0.420622514055  0.000636020812946
  20  0.422912761312  0.420737026418  0.000614441991096
  1  0.40521129378  0.40521129378  0
  2  0.404873941595  0.405042617687  0.000119272008803
  3  0.408114396125  0.406066543833  0.000839804988179
  4  0.406970208682  0.406292460045  0.000659541004361
  5  0.405906522297  0.406215272496  0.000532130350178
  6  0.41046239257  0.406923125841  0.000783701305575
  7  0.407505052851  0.407006258271  0.000676138805748
  8  0.403927001803  0.406621351213  0.000692567837308
  9  0.408680058369  0.406850096452  0.00065229858618
  10  0.410763163893  0.407241403196  0.000694592371132
  11  0.416053806179  0.40804253074  0.000991052715903
  12  0.412014140488  0.408373498219  0.000962143346955
  13  0.410042928878  0.408501915962  0.000896661356129
  14  0.402686606077  0.408086536685  0.000923830032684
  15  0.409129233966  0.408156049837  0.000864852651773
  16  0.405299560809  0.407977519273  0.000829021527812
  17  0.408493893195  0.408007894209  0.000780811818589
  18  0.408457505785  0.40803287263  0.000737832809903
  19  0.407530086139  0.408006410183  0.000699473882291
  20  0.40999790617  0.408105984982  0.000671550358287
  1  0.392358675041  0.392358675041  0
  2  0.393102814969  0.392730745005  0.000263093194362
  3  0.39504354039  0.3935016768  0.000653442772398
  4  0.40089826761  0.395350824502  0.00167472113011
  5  0.397618479577  0.395804355517  0.00139984086877
  6  0.392959999577  0.395330296194  0.00124421805778
  7  0.395225421329  0.39531531407  0.00106656281999
  8  0.3980266368  0.395654229412  0.000985620190828
  9  0.401684877646  0.396324301438  0.00108012555126
  10  0.397096737851  0.396401545079  0.00097487106808
  11  0.397663396073  0.396516258806  0.000892970140255
  12  0.397097504132  0.396564695916  0.000819868589246
  13  0.395579675266  0.396488925097  0.000760295015857
  14  0.399592269329  0.396710592542  0.000737594799914
  15  0.394540116522  0.396565894141  0.000702471621126
  16  0.395313123967  0.396487596005  0.000662916374754
  17  0.395995440661  0.396458645691  0.000624553120597
  18  0.397787783299  0.396532486669  0.000594204804995
  19  0.401110255048  0.396773421847  0.000609824295532
  20  0.392874103511  0.39657845593  0.000609703158707
  1  0.383173830775  0.383173830775  0
  2  0.383503342361  0.383338586568  0.000116499938254
  3  0.383417538904  0.383364904013  8.05843864696e-05
  4  0.382314899962  0.383102403  0.000235229405327
  5  0.390532596749  0.38458844175  0.00134240901783
  6  0.385397548788  0.384723292923  0.00112542701086
  7  0.384457794879  0.384685364631  0.000965290627363
  8  0.382442466093  0.384405002314  0.000884407317333
  9  0.381485179016  0.384080577503  0.000843547684372
  10  0.38297321427  0.38396984118  0.000766426880771
  11  0.382654843306  0.383850295918  0.000706013333055
  12  0.383377921718  0.383810931402  0.000648275364823
  13  0.38365499514  0.383798936305  0.000598518991954
  14  0.384531654194  0.383851273297  0.000558051226099
  15  0.384117366176  0.383869012822  0.00052112968983
  16  0.387507807601  0.384096437496  0.000535891161599
  17  0.386291699515  0.384225570556  0.000519693830287
  18  0.380154308864  0.38399938935  0.000537793656824
  19  0.385745778595  0.384091304574  0.000517283789321
  20  0.385843634934  0.384178921092  0.000498784567357
  1  0.369677306111  0.369677306111  0
  2  0.3726238622  0.371150584156  0.0010417648958
  3  0.367455442644  0.369918870319  0.00122219339489
  4  0.3702234232  0.369995008539  0.000919013553827
  5  0.373717097222  0.370739426276  0.000991897775522
  6  0.374456320689  0.371358908678  0.00100151667384
  7  0.366952372533  0.370729403514  0.00103758851959
  8  0.373298010467  0.371050479383  0.000956278029243
  9  0.369177597778  0.370842381427  0.000872373472406
  10  0.376014586644  0.371359601949  0.000925853172121
  11  0.371258615978  0.371350421406  0.00084173021675
  12  0.367106655089  0.370996774213  0.000842608537359
  13  0.370060557422  0.370924757537  0.000780864017965
  14  0.371235106467  0.370946925317  0.000725402606617
  15  0.366307717311  0.370637644784  0.000740043202247
  16  0.369794382133  0.370584940868  0.000695664687271
  17  0.373687066467  0.370767418844  0.000678253785397
  18  0.374651672089  0.370983210691  0.000674027379137
  19  0.369469777222  0.370903556298  0.000643241684989
  20  0.370154985867  0.370866127777  0.000612167565259
  1  0.352156252897  0.352156252897  0
  2  0.357900962284  0.35502860759  0.00203106148148
  3  0.355802431406  0.355286548862  0.00137032215047
  4  0.358554717307  0.356103590973  0.00124776647708
  5  0.353816774226  0.355646227624  0.0010787838258
  6  0.351062616453  0.354882292429  0.00113776429215
  7  0.355095659295  0.35491277341  0.000975634747118
  8  0.358445810975  0.355354403105  0.000948381474549
  9  0.356721242604  0.355506274161  0.000855079389989
  10  0.358897251451  0.35584537189  0.000834103567325
  11  0.355429477253  0.355807563286  0.000759132388939
  12  0.358332576481  0.356017981053  0.000724446647325
  13  0.35609269076  0.356023727953  0.000668742776305
  14  0.356183244472  0.35603512199  0.000621072493336
  15  0.360327736832  0.356321296313  0.000642223188141
  16  0.359350148608  0.356510599581  0.000629365891344
  17  0.358118626427  0.356605189396  0.000599410356817
  18  0.355245931807  0.356529675085  0.000570846647633
  19  0.355329964032  0.356466532398  0.000544283064616
  20  0.356520905093  0.356469251033  0.000517075700983
  1  0.341798710533  0.341798710533  0
  2  0.346739510533  0.344269110533  0.00174683659224
  3  0.343665028999  0.344067750021  0.00117610603514
  4  0.343965053728  0.344042075948  0.000882359710855
  5  0.343832453283  0.344000151415  0.000706883070354
  6  0.344022961212  0.344003953048  0.000589079447839
  7  0.343720568407  0.343963469528  0.000506314411832
  8  0.344374392502  0.344014834899  0.000445622990479
  9  0.344906088047  0.344113863027  0.000406963817063
  10  0.343863532005  0.344088829925  0.000367036544212
  11  0.341040106017  0.343811673206  0.000425638321145
  12  0.3428085728  0.343728081505  0.000398292232771
  13  0.341113109946  0.343526929847  0.000415354383368
  14  0.345267732525  0.343651272895  0.000403869629611
  15  0.344332666528  0.343696699138  0.000379491103474
  16  0.346237651598  0.343855508666  0.000387580379292
  17  0.343127015688  0.343812656138  0.000367142869147
  18  0.343826041922  0.343813399793  0.000346746796226
  19  0.343982743309  0.343822312609  0.000328611492877
  20  0.340817167981  0.343672055378  0.000344826477409
  1  0.332713464204  0.332713464204  0
  2  0.329870499204  0.331291981704  0.00100513991498
  3  0.334665421783  0.332416461731  0.00113665967606
  4  0.331077105532  0.332081622681  0.000900463881934
  5  0.330188176259  0.331702933397  0.000796027002681
  6  0.329830259095  0.331390821013  0.000721955271887
  7  0.332254306168  0.331514176035  0.000629268936194
  8  0.328141535412  0.331092595957  0.000677263069575
  9  0.332032427984  0.331197021738  0.000610009092534
  10  0.329139434842  0.330991263048  0.000582677406297
  11  0.332382016334  0.331117695165  0.000543250507636
  12  0.328964051595  0.330938224868  0.000526791390655
  13  0.331733052945  0.330999365489  0.000489804185994
  14  0.331520970465  0.331036622987  0.000456232988605
  15  0.330822469724  0.331022346103  0.000426040780508
  16  0.329581110062  0.33093226885  0.000408824805563
  17  0.330745161938  0.330921262562  0.00038492441349
  18  0.328184268449  0.330769207333  0.000392425069092
  19  0.330456035556  0.330752724608  0.000372117112631
  20  0.327382219044  0.33058419933  0.000389808850263
  1  0.319622506955  0.319622506955  0
  2  0.31318008  0.316401293478  0.00227774189363
  3  0.318408286547  0.317070291167  0.00161375269996
  4  0.317868477371  0.317269837718  0.00122258961589
  5  0.31846248431  0.317508367037  0.00100107003984
  6  0.320454200424  0.317999339268  0.000947000272401
  7  0.318500179331  0.318070887848  0.000814412884132
  8  0.318634504473  0.318141339927  0.000715652070271
  9  0.317252231576  0.31804255011  0.000642917573315
  10  0.315681024898  0.317806397589  0.000620482914234
  11  0.315511518678  0.317597772233  0.00059812105227
  12  0.318272787853  0.317654023535  0.000550916405444
  13  0.316237257078  0.3175450415  0.000519205723931
  14  0.316813786629  0.317492809009  0.00048473979491
  15  0.316401381861  0.317420047199  0.000457852193921
  16  0.319862017159  0.317572670321  0.000453962408484
  17  0.32121010671  0.317786637168  0.000475014518002
  18  0.3193819008  0.317875262925  0.000456817681125
  19  0.317116668718  0.317835336914  0.000434515915308
  20  0.320346101535  0.317960875145  0.00043054330545
  1  0.303799011554  0.303799011554  0
  2  0.305867040571  0.304833026062  0.000731158670763
  3  0.309134223737  0.306266758621  0.00126806529367
  4  0.307788228322  0.306647126046  0.00100648083815
  5  0.304656909013  0.30624908264  0.000880382414908
  6  0.304535225927  0.305963439854  0.000778613153433
  7  0.304321560048  0.305728885596  0.00070182332995
  8  0.305759825564  0.305732753092  0.000614106069804
  9  0.30725171133  0.30590152623  0.000568591021631
  10  0.304392477146  0.305750621321  0.00053137992023
  11  0.306489360072  0.30581777939  0.000487298037312
  12  0.306347310558  0.305861906987  0.000448683420914
  13  0.304734390868  0.305775174978  0.000422468946496
  14  0.30696495777  0.305860159463  0.000400749246199
  15  0.303991473389  0.305735580391  0.000392919444953
  16  0.307360070073  0.305837110996  0.000381254157788
  17  0.307401214174  0.305929117066  0.000369762494464
  18  0.306043103292  0.305935449634  0.000349274355368
  19  0.304165887863  0.305842314804  0.000343084168012
  20  0.306411767842  0.305870787456  0.000327109302654
  1  0.292954067399  0.292954067399  0
  2  0.29338218597  0.293168126684  0.000151362772257
  3  0.293017769301  0.293118007557  0.00010889052456
  4  0.292765781561  0.293029951058  0.000111736766858
  5  0.292082357532  0.292840432353  0.000191635954091
  6  0.29080067173  0.292500472249  0.000349018251599
  7  0.292399683911  0.292486073915  0.000299455347194
  8  0.290980521244  0.292297879831  0.000315667806037
  9  0.293063649835  0.292382965387  0.000291835447739
  10  0.293337565867  0.292478425435  0.000277826170135
  11  0.296056053248  0.292803664327  0.000399943954165
  12  0.293056192512  0.292824708343  0.000367168514715
  13  0.293793244444  0.29289921112  0.000346401065324
  14  0.291701308174  0.292813646623  0.00033205765786
  15  0.293055998165  0.292829803393  0.000310313297801
  16  0.293634268032  0.292880082433  0.000294963866787
  17  0.294978152903  0.293003498343  0.000302331809717
  18  0.290363556281  0.292856834895  0.000319132786525
  19  0.29385878437  0.292909569078  0.000306662329047
  20  0.29459538021  0.292993859634  0.000302691861708
  1  0.281904674298  0.281904674298  0
  2  0.280428230926  0.281166452612  0.000522001560015
  3  0.279961377885  0.280764761036  0.000478200242424
  4  0.280854148648  0.280787107939  0.000359171951812
  5  0.279400420708  0.280509770493  0.000379599422362
  6  0.28430940798  0.281143043408  0.000658985553782
  7  0.280458678996  0.281045277063  0.000572051043181
  8  0.283499700932  0.281352080047  0.000576980954037
  9  0.282009991272  0.281425181294  0.000517482061648
  10  0.281631860092  0.281445849174  0.000466146403261
  11  0.279391100883  0.281259053875  0.000459674877409
  12  0.280576130198  0.281202143568  0.000424876938851
  13  0.281837682534  0.281251031181  0.000394996661589
  14  0.28129546256  0.281254204851  0.000366795363813
  15  0.281555050076  0.281274261199  0.000342890241076
  16  0.282972289945  0.281380387996  0.000337483689939
  17  0.284083493015  0.281539394173  0.000353108529129
  18  0.282882300524  0.281614000082  0.000341281882485
  19  0.278772259217  0.281464434773  0.000354581498268
  20  0.282938882611  0.281538157165  0.000344431120301
  1  0.2695896118  0.2695896118  0
  2  0.268879215387  0.269234413594  0.000251163060305
  3  0.271649286988  0.270039371392  0.000678239049145
  4  0.2694912078  0.269902330494  0.000522340667237
  5  0.267510065388  0.269423877473  0.000598123138934
  6  0.2719078822  0.26983787826  0.000625514939095
  7  0.268801504887  0.269689824921  0.000553399752824
  8  0.271226545987  0.269881915055  0.000516488076391
  9  0.26913588795  0.269799023154  0.00046570473017
  10  0.2681531998  0.269634440819  0.000447271881677
  11  0.2705775638  0.269720179272  0.000414747086793
  12  0.2721867792  0.269925729266  0.000428100928138
  13  0.2689526688  0.269850878461  0.00040166038956
  14  0.271259855  0.269951519642  0.000385372629164
  15  0.269786641988  0.269940527798  0.000359837844595
  16  0.27260984195  0.270107359933  0.000374028154245
  17  0.27098746755  0.270159130969  0.000355591386828
  18  0.269204379487  0.27010608922  0.000339769263757
  19  0.270518695  0.270127805314  0.000322579908218
  20  0.2699511838  0.270118974238  0.000306571770492
  1  0.259113803272  0.259113803272  0
  2  0.259790473333  0.259452138302  0.000239238994222
  3  0.259631894791  0.259512057132  0.000166827516471
  4  0.259218969624  0.259438785255  0.000140291659999
  5  0.25866409161  0.259283846526  0.000178328706889
  6  0.257647734468  0.259011161183  0.000289911245113
  7  0.260041404897  0.259158338856  0.000283402083991
  8  0.25860338101  0.259088969125  0.0002563262464
  9  0.258123443082  0.258981688454  0.000249286872063
  10  0.258508920548  0.258934411663  0.000228797247689
  11  0.259554443354  0.258990778181  0.000214828556003
  12  0.259360309116  0.259021572425  0.000199121020077
  13  0.259808370142  0.259082095327  0.000192782696108
  14  0.259370379824  0.259102687076  0.000180108882146
  15  0.261714581557  0.259276813375  0.000237816720325
  16  0.258372851717  0.259220315772  0.000229566110068
  17  0.258680122817  0.259188539715  0.000218250328827
  18  0.260867967542  0.259281841261  0.000225187035808
  19  0.260140696378  0.259327044162  0.000217824744184
  20  0.261058274098  0.259413605659  0.000223471976766
  1  0.248633453387  0.248633453387  0
  2  0.249862273506  0.249247863446  0.000434453519516
  3  0.25035815391  0.249617960268  0.000418572890893
  4  0.247447523111  0.249075350979  0.000565128717173
  5  0.249127041938  0.24908568917  0.000452197524798
  6  0.250093482253  0.249253654684  0.000406831846603
  7  0.248273803737  0.249113675977  0.000372015664064
  8  0.248096336432  0.248986508534  0.000346567867254
  9  0.249591175518  0.249053693755  0.000314505133917
  10  0.247689773664  0.248917301746  0.000311227280832
  11  0.246375540208  0.248686232515  0.000358595410336
  12  0.24858424062  0.24867773319  0.000328813168312
  13  0.248504057345  0.24866437351  0.000303791128375
  14  0.247229251809  0.248561864817  0.000298886635074
  15  0.248094848266  0.24853073038  0.000280577780101
  16  0.249531036246  0.248593249497  0.000269917153025
  17  0.249270398848  0.248633081812  0.000256961940347
  18  0.251403215712  0.248786978139  0.000285070037966
  19  0.247552036307  0.248721981201  0.000277377160011
  20  0.247932394696  0.248682501876  0.00026630304447
  1  0.239594339255  0.239594339255  0
  2  0.239630862629  0.239612600942  1.29129626436e-05
  3  0.240157775412  0.239794325765  0.000148627217214
  4  0.239713718596  0.239774173973  0.000112828294354
  5  0.238551029875  0.239529545153  0.000236689566449
  6  0.238407000555  0.239342454387  0.000260908531093
  7  0.239502115224  0.239365263078  0.000224630642206
  8  0.237430801878  0.239123455428  0.000299657616129
  9  0.240932835412  0.239324497648  0.000326918914657
  10  0.238046029521  0.239196650836  0.000318244981028
  11  0.239814770092  0.239252843495  0.000294232780808
  12  0.237833305851  0.239134548692  0.000292528341963
  13  0.239491950122  0.239162041109  0.00027131498317
  14  0.239447906419  0.23918246006  0.000252702530426
  15  0.238286752193  0.239122746202  0.00024280843763
  16  0.240372137388  0.239200833151  0.000239860824731
  17  0.240923313371  0.239302155517  0.000246223485839
  18  0.236190505075  0.239129286048  0.000286880704733
  19  0.240591740594  0.23920625734  0.00028191854011
  20  0.239372700275  0.239214579487  0.000267945418527
  1  0.22845825438  0.22845825438  0
  2  0.229788677689  0.229123466035  0.000470375671699
  3  0.229914293373  0.229387075147  0.000380343656891
  4  0.231102934558  0.22981604  0.000468380308486
  5  0.229570673422  0.229766966684  0.000377266251873
  6  0.230547078311  0.229896985289  0.000336046902527
  7  0.230985515891  0.230052489661  0.000322015918928
  8  0.229175530578  0.229942869775  0.000299842235314
  9  0.231045248948  0.23006535635  0.000290469110165
  10  0.229513073373  0.230010128052  0.000266620919268
  11  0.230275900681  0.2300342892  0.000243474932573
  12  0.231606947072  0.230165344023  0.000256038646703
  13  0.230849524899  0.230217973321  0.000241691880115
  14  0.229732519812  0.230183298071  0.000226901949489
  15  0.231888019121  0.230296946141  0.000238544629508
  16  0.229295776701  0.230234373051  0.000231697122989
  17  0.229407896405  0.230185756777  0.000223110086351
  18  0.231401402222  0.230253292635  0.00022070012168
  19  0.231051218874  0.230295288753  0.000213042494038
  20  0.228538075565  0.230207428094  0.000219762103863
  1  0.221293135203  0.221293135203  0
  2  0.221244724088  0.221268929646  1.71159136752e-05
  3  0.221399206652  0.221312355315  3.72477446837e-05
  4  0.22127395783  0.221302755943  2.91465322928e-05
  5  0.222062057897  0.221454616334  0.000137814932558
  6  0.219406540117  0.221113270298  0.000332095091035
  7  0.221662965257  0.221191798149  0.000293790692034
  8  0.2206120307  0.221119327218  0.000265855034909
  9  0.223057237495  0.221334650582  0.000311540744141
  10  0.221116058124  0.221312791336  0.000281152500481
  11  0.220515129773  0.221240276649  0.000264779569063
  12  0.221419844918  0.221255240671  0.000243137083292
  13  0.220977292239  0.221233860023  0.000225372340914
  14  0.220779317809  0.221201392722  0.000211600024853
  15  0.220718839211  0.221169222488  0.000199923872763
  16  0.223806207102  0.221334034026  0.000246159820261
  17  0.220350633644  0.221276186945  0.00023837992479
  18  0.222447085814  0.221341236882  0.000233843746991
  19  0.221522495196  0.221350776793  0.000221730691523
  20  0.219706620223  0.221268568965  0.000225368989823
  1  0.21337394029  0.21337394029  0
  2  0.211853114141  0.212613527216  0.000537693241688
  3  0.212435930416  0.212554328282  0.000361706322078
  4  0.212963191136  0.212656543996  0.000285357209874
  5  0.213080841494  0.212741403495  0.000240572857081
  6  0.211753179515  0.212576699498  0.00025059399908
  7  0.211416620951  0.212410973992  0.000263966305718
  8  0.212126692734  0.212375438834  0.00023335013163
  9  0.211634058424  0.212293063233  0.000221485429306
  10  0.212696678107  0.212333424721  0.000202981129594
  11  0.213064846927  0.212399917649  0.000195115518605
  12  0.213712762362  0.212509321375  0.000207270774936
  13  0.213861890801  0.212613365177  0.000215866585252
  14  0.212241247415  0.212586785337  0.000202077317267
  15  0.212922518019  0.212609167515  0.000189840979855
  16  0.21220123762  0.212583671897  0.000179679791594
  17  0.209393903371  0.212396038454  0.00024846262133
  18  0.212724273498  0.212414273734  0.000235327356898
  19  0.21173322942  0.212378429297  0.000225655059587
  20  0.212155491138  0.212367282389  0.000214647447502
  1  0.205772617922  0.205772617922  0
  2  0.206185115552  0.205978866737  0.000145839935893
  3  0.20606750497  0.206008412815  0.000100174831488
  4  0.205040646026  0.205766471117  0.000222590485887
  5  0.202967199213  0.205206616737  0.000531469018694
  6  0.204787627163  0.205136785141  0.000447455041128
  7  0.203425750251  0.204892351585  0.000445319938914
  8  0.203002474027  0.20465611689  0.000447953071767
  9  0.205238773489  0.204720856513  0.000402831534072
  10  0.204859748473  0.204734745709  0.000362787743881
  11  0.203301505464  0.204604451141  0.000352428750092
  12  0.204465612362  0.204592881243  0.000323249546132
  13  0.204660867114  0.204598110925  0.000298426497556
  14  0.202980743818  0.204482584703  0.000298635445364
  15  0.204499722595  0.204483727229  0.000278728601215
  16  0.203865706027  0.204445100904  0.000263970921796
  17  0.2038707243  0.204411314045  0.000250596160297
  18  0.202664705885  0.204314280258  0.000254768764296
  19  0.204254001012  0.204311107667  0.00024137963503
  20  0.205876602017  0.204389382384  0.000241669113744
  1  0.198009886392  0.198009886392  0
  2  0.196354850808  0.1971823686  0.000585143442277
  3  0.1960938848  0.196819540667  0.000489833990857
  4  0.197154826808  0.196903362202  0.000374478691388
  5  0.196279721472  0.196778634056  0.000319680518825
  6  0.196698933112  0.196765350565  0.000266676269963
  7  0.198488596192  0.197011528512  0.000322791864653
  8  0.196565827968  0.196955815944  0.000287210524364
  9  0.196593873888  0.19691560016  0.000258098433895
  10  0.1958529598  0.196809336124  0.000253220911638
  11  0.196011721528  0.196736825706  0.000240358490613
  12  0.198162655928  0.196855644891  0.000247964106406
  13  0.194774994432  0.196695594856  0.00027574654639
  14  0.19787928  0.196780143795  0.000268700025
  15  0.196228704992  0.196743381208  0.000253289069024
  16  0.196139965952  0.196705667754  0.000240249767557
  17  0.196375694208  0.196686257546  0.000226900166253
  18  0.197783422848  0.196747211174  0.00022233108853
  19  0.196777278328  0.196748793656  0.000210635084018
  20  0.1960597432  0.196714341133  0.000202901380264
  1  0.190091073668  0.190091073668  0
  2  0.189409361559  0.189750217613  0.000241021627373
  3  0.191069283895  0.190189906374  0.00039332244845
  4  0.188512737656  0.189770614194  0.000467840391902
  5  0.188885371439  0.189593565643  0.00040639477879
  6  0.189475370268  0.189573866414  0.000339139421289
  7  0.188246705296  0.189384271969  0.000339576385293
  8  0.188323119294  0.189251627884  0.000321995325218
  9  0.187968921844  0.189109104991  0.000316190736624
  10  0.187568381868  0.188955032679  0.000319914802778
  11  0.191007724629  0.189141641038  0.000340939912169
  12  0.189840552243  0.189199883638  0.000317464054563
  13  0.190676446161  0.189313465371  0.000312702854303
  14  0.190176348105  0.189375099852  0.000296378851029
  15  0.189499921475  0.189383421293  0.000276737057037
  16  0.189560752779  0.189394504511  0.000259662835533
  17  0.189872414793  0.189422616881  0.000245905633679
  18  0.191171326317  0.189519767405  0.000250701518645
  19  0.190292485909  0.1895604368  0.000240782849276
  20  0.188968488502  0.189530839385  0.000230555611572
