  1  0.8895316  0.8895316  0
  2  0.8953008  0.8924162  0.00203972022101
  3  0.9262124  0.9036816  0.00929813157623
  4  0.926094  0.9092847  0.00849571220014
  5  0.850764  0.89758056  0.0124813010145
  6  0.9268096  0.902452066667  0.0113118904888
  7  0.8593084  0.896288685714  0.011250382589
  8  0.8518388  0.89073245  0.0111318817262
  9  0.8963352  0.891354977778  0.00991239749322
  10  0.9090372  0.8931232  0.00907749989457
  11  0.895728  0.89336  0.00825536069262
  12  0.92224  0.895766666667  0.00791044425053
  13  0.9264212  0.898124707692  0.00764533126411
  14  0.9199212  0.8996816  0.00725602723393
  15  0.9055168  0.900070613333  0.00678271204607
  16  0.9130508  0.900881875  0.00640712525286
  17  0.9098808  0.901411223529  0.00605206307841
  18  0.8415012  0.898082888889  0.00656758510724
  19  0.8780044  0.897026126316  0.00630636927783
  20  0.9034472  0.89734718  0.00599921757815
  1  0.7654868  0.7654868  0
  2  0.8098556  0.7876712  0.0156867396766
  3  0.778082  0.7844748  0.0107785643472
  4  0.7410396  0.773616  0.0124010067478
  5  0.77351  0.7735948  0.00992082351936
  6  0.8092628  0.779539466667  0.00988930445803
  7  0.813088  0.784332114286  0.00956765184157
  8  0.8005408  0.7863582  0.00858354114745
  9  0.8086568  0.788835822222  0.00797938662778
  10  0.783292  0.78828144  0.0072006805621
  11  0.8032796  0.789644909091  0.00667391327802
  12  0.7845564  0.789220866667  0.00613121029412
  13  0.7975384  0.789860676923  0.00569286391784
  14  0.7975248  0.790408114286  0.00531248691975
  15  0.741606  0.78715464  0.00587063627831
  16  0.7916104  0.787433125  0.00551032278969
  17  0.7858896  0.787342329412  0.00518693413699
  18  0.7837052  0.787140266667  0.00490270533824
  19  0.8091952  0.788301052632  0.00478010981357
  20  0.792996  0.7885358  0.00454686479698
  1  0.7073744  0.7073744  0
  2  0.6393892  0.6733818  0.0240363979702
  3  0.622876  0.656546533333  0.0211122685026
  4  0.6771292  0.6616922  0.0164493266528
  5  0.6556948  0.66049272  0.0132031217561
  6  0.6640052  0.661078133333  0.0110155721416
  7  0.6492096  0.659382628571  0.00957151470592
  8  0.6581936  0.659234  0.00837622925665
  9  0.682358  0.661803333333  0.00782968707244
  10  0.6849628  0.66411928  0.00738129309708
  11  0.6832844  0.665861563636  0.00691283363229
  12  0.6317608  0.663019833333  0.00689616259805
  13  0.6532308  0.662266830769  0.0064066674043
  14  0.6727756  0.663017457143  0.00599285991536
  15  0.6700368  0.663485413333  0.00561157650353
  16  0.6870816  0.664960175  0.00545119834015
  17  0.679368  0.665807694118  0.005196005496
  18  0.709458  0.668232711111  0.00544389316942
  19  0.7048348  0.670159136842  0.0054876484086
  20  0.6833512  0.67081874  0.00525275782547
  1  0.558736  0.558736  0
  2  0.5243528  0.5415444  0.0121562969394
  3  0.5349684  0.5393524  0.00829947391318
  4  0.5746236  0.5481702  0.0098519495761
  5  0.5521168  0.54895952  0.00791311591839
  6  0.544616  0.5482356  0.00662729392873
  7  0.5596984  0.549873142857  0.00587936872048
  8  0.5633164  0.55155355  0.00537923215405
  9  0.5373972  0.549980622222  0.00500622846319
  10  0.5544708  0.55042964  0.00452569743167
  11  0.5620668  0.551487563636  0.00423611586336
  12  0.5188956  0.548771566667  0.00467337494762
  13  0.566122  0.550106215385  0.00450042944236
  14  0.565496  0.551205485714  0.00431113363441
  15  0.5248772  0.549450266667  0.00436643656899
  16  0.5464336  0.549261725  0.00409760285315
  17  0.5452384  0.549025058824  0.00386339593678
  18  0.5818784  0.550850244444  0.00405705562822
  19  0.5703148  0.551874694737  0.00397076273693
  20  0.5472292  0.55164242  0.00377901209434
  1  0.4698432  0.4698432  0
  2  0.4423084  0.4560758  0.00973502189931
  3  0.4728712  0.461674266667  0.00793823083863
  4  0.4146804  0.4499258  0.0117883873151
  5  0.439838  0.44790824  0.00960180852738
  6  0.4499096  0.4482418  0.00800729882864
  7  0.4573232  0.449539142857  0.00696770418615
  8  0.4521044  0.4498598  0.00610411510253
  9  0.4739968  0.452541688889  0.00598611167593
  10  0.4226028  0.4495478  0.0060903362254
  11  0.4417992  0.448843381818  0.00557725759876
  12  0.4409316  0.448184066667  0.00515130917488
  13  0.443886  0.447853446154  0.00476565272919
  14  0.458258  0.448596628571  0.00448282244268
  15  0.4286056  0.447263893333  0.00437759705644
  16  0.3991804  0.444258675  0.00503087189296
  17  0.447976  0.444477341176  0.00473968801799
  18  0.44803  0.444674711111  0.00448047956864
  19  0.4526532  0.445094631579  0.00426429739015
  20  0.4171956  0.44369968  0.00427315632774
  1  0.3562716  0.3562716  0
  2  0.3465844  0.351428  0.00342494240536
  3  0.3434828  0.3487796  0.00314474972119
  4  0.3613288  0.3519169  0.0035978889015
  5  0.3594016  0.35341384  0.00317448238321
  6  0.3402016  0.3512118  0.00332249431435
  7  0.3559816  0.3518932  0.00291688859673
  8  0.3505652  0.3517272  0.00255699668557
  9  0.3634544  0.353030222222  0.00258364578477
  10  0.3265652  0.35038372  0.00342206214136
  11  0.3613396  0.351379709091  0.00325267886994
  12  0.3730148  0.353182633333  0.00344524735879
  13  0.3379932  0.352014215385  0.00337254167033
  14  0.3597448  0.3525664  0.00317652866571
  15  0.3541384  0.3526712  0.0029664883645
  16  0.3715172  0.353849075  0.00300584421476
  17  0.35202  0.353741482353  0.00283095480601
  18  0.3175232  0.351729355556  0.00331244491124
  19  0.3433644  0.351289094737  0.00316722835448
  20  0.3570156  0.35157542  0.00302178147648
  1  0.289808  0.289808  0
  2  0.2818996  0.2858538  0.00279604163417
  3  0.2733584  0.281688666667  0.00387816407576
  4  0.2942944  0.2848401  0.00398857582697
  5  0.3178276  0.2914376  0.00670844220081
  6  0.2753652  0.288758866667  0.0061017945611
  7  0.286558  0.288444457143  0.00523820371108
  8  0.3015824  0.2900867  0.00483401033292
  9  0.2950848  0.290642044444  0.00432868028539
  10  0.2894248  0.29052032  0.00389752335425
  11  0.2819248  0.289738909091  0.00362068798616
  12  0.3017964  0.2907437  0.00345557419095
  13  0.2953024  0.291094369231  0.00320750427443
  14  0.2801608  0.2903134  0.00307200185288
  15  0.2691916  0.28890528  0.00317355650581
  16  0.2945284  0.289256725  0.00299460580319
  17  0.296904  0.289706564706  0.00285203911125
  18  0.2891936  0.289678066667  0.00269373486872
  19  0.279876  0.289162168421  0.00260089207254
  20  0.290598  0.28923396  0.00247183809015
  1  0.2440812  0.2440812  0
  2  0.2306652  0.2373732  0.0047432722882
  3  0.2580216  0.244256  0.00644836019672
  4  0.2388292  0.2428993  0.0049769453591
  5  0.234126  0.24114464  0.00427970277488
  6  0.2444936  0.2417028  0.00360263280887
  7  0.2327996  0.240430914286  0.00330486898363
  8  0.2454904  0.24106335  0.00295165310456
  9  0.23978  0.240920755556  0.0026271337614
  10  0.2408576  0.24091444  0.00236442797645
  11  0.2674172  0.243323781818  0.0031460247056
  12  0.234176  0.242561466667  0.00297478111327
  13  0.25021  0.243149815385  0.00280352960344
  14  0.243708  0.243189685714  0.00260356098095
  15  0.239644  0.242953306667  0.00244069716684
  16  0.2206296  0.241558075  0.00265718861022
  17  0.2547688  0.242335176471  0.00261204550467
  18  0.2512096  0.2428282  0.00251303024624
  19  0.2419524  0.242782105263  0.00238118820049
  20  0.2274464  0.24201532  0.00238239130339
  1  0.2010232  0.2010232  0
  2  0.2071608  0.204092  0.00216996929011
  3  0.1981392  0.202107733333  0.00217201780499
  4  0.1929292  0.1998131  0.00256957021844
  5  0.2017132  0.20019312  0.00208356772607
  6  0.2147692  0.202622466667  0.00281653411194
  7  0.2094616  0.203599485714  0.00257806643155
  8  0.199378  0.2030718  0.00230918080604
  9  0.2000092  0.202731511111  0.00207752694175
  10  0.2026064  0.202719  0.00186981191888
  11  0.1963228  0.202137527273  0.00178795746566
  12  0.1923016  0.201317866667  0.00181715429806
  13  0.1959556  0.200905384615  0.00172355286702
  14  0.2029084  0.201048457143  0.0016063692141
  15  0.2103668  0.20166968  0.00161493786358
  16  0.2084136  0.202091175  0.00156804440884
  17  0.211518  0.202645694118  0.00157079869875
  18  0.2004548  0.202523977778  0.00148824034481
  19  0.202198  0.202506821053  0.00141001079518
  20  0.2093924  0.2028511  0.00138090163238
  1  0.1631212  0.1631212  0
  2  0.1722032  0.1676622  0.00321097189337
  3  0.1739196  0.169748  0.00273546120101
  4  0.17401  0.1708135  0.00224955849613
  5  0.167794  0.1702096  0.00187895842466
  6  0.1738608  0.170818133333  0.00166142094115
  7  0.1760484  0.171565314286  0.00158319772863
  8  0.1695424  0.17131245  0.00140534635844
  9  0.1675764  0.170897333333  0.0013090712463
  10  0.1637392  0.17018152  0.00135986049026
  11  0.1630176  0.169530254545  0.00138342666983
  12  0.1713816  0.169684533333  0.00127671466431
  13  0.1677648  0.169536861538  0.00118701538529
  14  0.1922376  0.171158342857  0.00191214784283
  15  0.1805848  0.171786773333  0.00188511226708
  16  0.1649164  0.171357375  0.00181553922051
  17  0.1666012  0.1710776  0.00173016520506
  18  0.1605804  0.170494422222  0.00172953891764
  19  0.1531012  0.169578989474  0.0018651079827
  20  0.1615164  0.16917586  0.00181489649342
  1  0.1438672  0.1438672  0
  2  0.1533068  0.148587  0.00333740258584
  3  0.1469448  0.1480396  0.0022693832897
  4  0.1604712  0.1511475  0.00318452717801
  5  0.1503604  0.15099008  0.00255150962913
  6  0.143156  0.1496844  0.00243754796283
  7  0.1442316  0.148905428571  0.00221029361331
  8  0.1420764  0.1480518  0.0020923621233
  9  0.1506772  0.148343511111  0.00188010224022
  10  0.1413952  0.14764868  0.00181595336861
  11  0.1493996  0.147807854545  0.00165782811879
  12  0.143832  0.147476533333  0.00155243048034
  13  0.1509976  0.147747384615  0.00145644871271
  14  0.1556172  0.148309514286  0.00145686303262
  15  0.1398852  0.147747893333  0.00146399450416
  16  0.1486912  0.14780685  0.00137368145956
  17  0.1463408  0.147720611765  0.00129558081141
  18  0.1444284  0.147537711111  0.00123644699089
  19  0.1504108  0.147688926316  0.00118058129409
  20  0.1509548  0.14785222  0.00113278903119
  1  0.1249332  0.1249332  0
  2  0.1169772  0.1209552  0.00281287077556
  3  0.1230924  0.1216676  0.00196338852667
  4  0.1228576  0.1219651  0.00149491064867
  5  0.122728  0.12211768  0.00120368997151
  6  0.1251984  0.122631133333  0.00110718321847
  7  0.118926  0.122101828571  0.00106806745902
  8  0.1290832  0.1229745  0.00124087129419
  9  0.1167664  0.122284711111  0.00128044633233
  10  0.128548  0.12291104  0.00129656807204
  11  0.142488  0.124690763636  0.00206610717311
  12  0.1272748  0.1249061  0.00190512005287
  13  0.137354  0.125863630769  0.00198466969966
  14  0.1238548  0.125720142857  0.00184808725327
  15  0.1213372  0.125427946667  0.00174782798802
  16  0.1258852  0.125456525  0.001638822361
  17  0.117646  0.124997082353  0.00160553209669
  18  0.1258296  0.125043333333  0.00151700190483
  19  0.1332584  0.125475705263  0.0014975093492
  20  0.1268612  0.12554498  0.00142423530401
  1  0.1101764  0.1101764  0
  2  0.1140568  0.1121166  0.00137192857686
  3  0.108576  0.1109364  0.00132857418645
  4  0.1148552  0.1119161  0.00130871428796
  5  0.1077668  0.11108624  0.00128338742073
  6  0.1120508  0.111247  0.00107951114348
  7  0.1093024  0.1109692  0.000960374654784
  8  0.1124164  0.1111501  0.000857196044525
  9  0.1116256  0.111202933333  0.000763578496615
  10  0.1098488  0.11106752  0.000699124675119
  11  0.1154872  0.111469309091  0.0007420951089
  12  0.1166968  0.111904933333  0.000797934671975
  13  0.1082476  0.1116236  0.000784584916452
  14  0.1036416  0.111053457143  0.000912479699842
  15  0.097974  0.110181493333  0.00119788841919
  16  0.1152752  0.11049985  0.00116455628239
  17  0.1061364  0.110243176471  0.00112398311675
  18  0.1167152  0.110602733333  0.00111757111465
  19  0.1102764  0.110585557895  0.0010588835548
  20  0.1154552  0.11082904  0.00103355376692
  1  0.094032  0.094032  0
  2  0.098282  0.096157  0.00150260191002
  3  0.0944096  0.0955745333333  0.00110889607301
  4  0.0985728  0.0963241  0.00105501945361
  5  0.0948424  0.09602776  0.000884655970918
  6  0.0999168  0.0966759333333  0.000945299258515
  7  0.1023912  0.0974924  0.00110810753475
  8  0.1007648  0.09790145  0.00104236239844
  9  0.1005588  0.0981967111111  0.00096745904031
  10  0.0997516  0.0983522  0.000883119743183
  11  0.0991392  0.0984237454545  0.000805729025709
  12  0.1009828  0.098637  0.00076628677617
  13  0.1042436  0.0990682769231  0.000819770884874
  14  0.1002276  0.0991510857143  0.000765386840892
  15  0.0936676  0.09878552  0.000796894462228
  16  0.0991952  0.098811125  0.000747499802022
  17  0.0968576  0.0986962117647  0.000712307275647
  18  0.0980116  0.0986581777778  0.000673749305483
  19  0.1019452  0.0988311789474  0.000660126340278
  20  0.1086588  0.09932256  0.000789089409079
  1  0.090546  0.090546  0
  2  0.0922444  0.0913952  0.000600475078584
  3  0.08611  0.0896334666667  0.00149311409502
  4  0.0824136  0.0878285  0.00192287810521
  5  0.086328  0.0875284  0.00156154492116
  6  0.0877744  0.0875694  0.00130182557203
  7  0.0787896  0.0863151428571  0.00161044901013
  8  0.0853888  0.08619935  0.00141329956297
  9  0.0934144  0.0870010222222  0.00146610866168
  10  0.0854524  0.08684616  0.0013276515015
  11  0.090064  0.0871386909091  0.00123876447227
  12  0.0934068  0.0876610333333  0.00124078301842
  13  0.0861052  0.0875413538462  0.00115109553131
  14  0.0853308  0.0873834571429  0.00107964952031
  15  0.0848524  0.08721472  0.00102077358879
  16  0.0911156  0.087458525  0.000985660911342
  17  0.0867584  0.0874173411765  0.000928540849994
  18  0.0865024  0.0873665111111  0.000878345411853
  19  0.0859768  0.0872933684211  0.000835156568699
  20  0.0921404  0.08753572  0.000827815881993
  1  0.0799452  0.0799452  0
  2  0.082322  0.0811336  0.000840325698762
  3  0.0776692  0.0799788  0.00109676126036
  4  0.074138  0.0785186  0.00150856255754
  5  0.0829076  0.0793964  0.0014397615447
  6  0.0794512  0.0794055333333  0.0011998302562
  7  0.0802892  0.0795317714286  0.00103504559255
  8  0.079554  0.07953455  0.000905668623
  9  0.0839904  0.0800296444444  0.00093057538647
  10  0.071468  0.07917348  0.0011666841671
  11  0.0823612  0.0794632727273  0.00109602201561
  12  0.084538  0.0798861666667  0.00108320435382
  13  0.0770824  0.0796704923077  0.00102112644532
  14  0.0791616  0.0796341428571  0.000948835594548
  15  0.0813208  0.0797465866667  0.000892217709648
  16  0.0823056  0.079906525  0.000850668542764
  17  0.0780636  0.0797981176471  0.000807507271577
  18  0.0788984  0.0797481333333  0.000764191193193
  19  0.079776  0.0797496  0.000723972011519
  20  0.0770188  0.07961306  0.000700530711547
  1  0.0736052  0.0736052  0
  2  0.073346  0.0734756  9.16410388375e-05
  3  0.0718108  0.0729206666667  0.000457201432226
  4  0.0766784  0.0738601  0.000882882997628
  5  0.0724936  0.0735868  0.00074741089101
  6  0.071602  0.073256  0.000692187257901
  7  0.0724916  0.0731468  0.000601855465733
  8  0.0678724  0.0724875  0.000810971191689
  9  0.0732432  0.0725714666667  0.000725197141353
  10  0.06791  0.07210532  0.000788385227766
  11  0.0744396  0.0723175272727  0.000744726022403
  12  0.0738652  0.0724465  0.000693743478248
  13  0.0762384  0.0727381846154  0.000699013627437
  14  0.07387  0.0728190285714  0.000653742344196
  15  0.07282  0.0728190933333  0.000610159524457
  16  0.073136  0.0728389  0.000572345940516
  17  0.0718732  0.0727820941176  0.000541490213433
  18  0.0702488  0.0726413555556  0.000529381231286
  19  0.070994  0.0725546526316  0.000508569674004
  20  0.0785276  0.0728533  0.000564053320086
  1  0.0637996  0.0637996  0
  2  0.0646724  0.064236  0.00030858139931
  3  0.067138  0.0652033333333  0.000816176219171
  4  0.0686552  0.0660663  0.000966043160268
  5  0.0692396  0.06670096  0.000958909724885
  6  0.0700628  0.0672612666667  0.000948771183826
  7  0.0717028  0.0678957714286  0.00100320962095
  8  0.0673132  0.06782295  0.000880447448567
  9  0.0615912  0.0671305333333  0.00101914848214
  10  0.0629168  0.06670916  0.00100055858231
  11  0.0633768  0.0664062181818  0.000954358681452
  12  0.0659808  0.0663707666667  0.000875487001564
  13  0.0683328  0.0665216923077  0.00082104786637
  14  0.0697832  0.0667546571429  0.000794765489845
  15  0.0680972  0.06684416  0.000746803820546
  16  0.0629308  0.066599575  0.000739096062319
  17  0.0670688  0.0666271764706  0.000696135019692
  18  0.0641592  0.0664900666667  0.000670827456059
  19  0.0640236  0.0663602526316  0.000647959392189
  20  0.0647084  0.06627766  0.000620802972464
  1  0.0599796  0.0599796  0
  2  0.0623648  0.0611722  0.000843295547243
  3  0.052412  0.0582521333333  0.00244961052566
  4  0.0593416  0.0585245  0.00185228792241
  5  0.0613764  0.05909488  0.00156719106235
  6  0.0619216  0.059566  0.00137498300272
  7  0.0648548  0.0603215428571  0.00137050793248
  8  0.0597488  0.06024995  0.00120106292599
  9  0.0605468  0.0602829333333  0.00106806428437
  10  0.0609904  0.06035368  0.000963598073556
  11  0.0604644  0.0603637454545  0.000876050817459
  12  0.0647256  0.0607272333333  0.000875212525883
  13  0.0565684  0.0604073230769  0.000864380628831
  14  0.0549784  0.0600195428571  0.000885359897634
  15  0.0607316  0.0600670133333  0.000827607541874
  16  0.0672844  0.0605181  0.000890367743899
  17  0.0586308  0.0604070823529  0.000844886073368
  18  0.0577572  0.0602598666667  0.000810672175907
  19  0.0617984  0.0603408421053  0.000772038815148
  20  0.062572  0.0604524  0.000741453002152
  1  0.051412  0.051412  0
  2  0.0573656  0.0543888  0.00210491546624
  3  0.0583304  0.0557026666667  0.00176635689695
  4  0.0565148  0.0559057  0.00133638553101
  5  0.0531888  0.05536232  0.00117439443268
  6  0.0511032  0.0546524666667  0.00117375004122
  7  0.055864  0.0548255428571  0.00101875208954
  8  0.0509428  0.0543402  0.00100036060498
  9  0.04965  0.0538190666667  0.00101592214536
  10  0.055222  0.05395936  0.000923966027427
  11  0.0557472  0.0541218909091  0.00085414456065
  12  0.0580604  0.0544501  0.000843670526957
  13  0.0554748  0.0545289230769  0.000782446300568
  14  0.0534872  0.0544545142857  0.000730086756297
  15  0.0501272  0.0541660266667  0.000736208001977
  16  0.0546204  0.054194425  0.000690742500383
  17  0.051538  0.0540381647059  0.000667551306165
  18  0.0561524  0.0541556222222  0.000640715287377
  19  0.0489156  0.0538798315789  0.000663700474656
  20  0.0570636  0.05403902  0.000649325526666
  1  0.0513136  0.0513136  0
  2  0.0521048  0.0517092  0.000279731442638
  3  0.0477668  0.0503950666667  0.00108907081836
  4  0.0505296  0.0504287  0.000817322291082
  5  0.048786  0.05010016  0.000716854860401
  6  0.0500092  0.050085  0.000597539330179
  7  0.0574968  0.0511438285714  0.00110602128143
  8  0.0499972  0.0510005  0.000977011411781
  9  0.0502032  0.0509119111111  0.000872461669107
  10  0.0480848  0.0506292  0.000829756831849
  11  0.0550004  0.0510265818182  0.000844133836654
  12  0.0511052  0.0510331333333  0.00077381477375
  13  0.054742  0.0513184307692  0.000765078104795
  14  0.049418  0.0511826857143  0.000722371677105
  15  0.0524452  0.0512668533333  0.000679099286203
  16  0.0559112  0.051557125  0.00069593237209
  17  0.0529328  0.0516380470588  0.000659683150017
  18  0.0544732  0.0517955555556  0.000641562253661
  19  0.0477448  0.0515823578947  0.000642243508773
  20  0.0530596  0.05165622  0.000614363958888
  1  0.0440512  0.0440512  0
  2  0.0464852  0.0452682  0.000860548952704
  3  0.04913  0.0465554666667  0.00119742830111
  4  0.0466876  0.0465885  0.000898526753914
  5  0.0458888  0.04644856  0.000729637425356
  6  0.0457972  0.04634  0.000616054369895
  7  0.044754  0.0461134285714  0.000568185102677
  8  0.04321  0.0457505  0.000602015384978
  9  0.0426416  0.0454050666667  0.000626437931463
  10  0.0460384  0.0454684  0.00056698662277
  11  0.0489032  0.0457806545455  0.000595247723744
  12  0.0502388  0.0461521666667  0.000651342139924
  13  0.0491632  0.0463837846154  0.000641099371766
  14  0.0435912  0.0461843142857  0.000625568767395
  15  0.0472196  0.0462533333333  0.000587659287128
  16  0.0454492  0.046203075  0.000553075525718
  17  0.0497584  0.0464122117647  0.000558685048469
  18  0.0446804  0.046316  0.00053586732373
  19  0.0492536  0.0464706105263  0.000529498632346
  20  0.0500248  0.04664832  0.000532009837954
  1  0.0461436  0.0461436  0
  2  0.0456172  0.0458804  0.000186110504808
  3  0.0402056  0.0439888  0.00154946054555
  4  0.043334  0.0438251  0.00117071089834
  5  0.0469444  0.04444896  0.00109019356285
  6  0.0434764  0.0442868666667  0.000920466028906
  7  0.0446904  0.0443445142857  0.000790774020051
  8  0.0477564  0.044771  0.000798697157876
  9  0.042304  0.0444968888889  0.000755527405431
  10  0.0415872  0.04420592  0.000733867937547
  11  0.0376856  0.0436131636364  0.000874363176551
  12  0.042804  0.0435457333333  0.000804095464666
  13  0.0455676  0.0437012615385  0.00075713371784
  14  0.041578  0.0435496  0.000718081771252
  15  0.0398152  0.04330064  0.000712060382758
  16  0.0434408  0.0433094  0.000667610490855
  17  0.0449272  0.0434045647059  0.000635085706171
  18  0.0442676  0.0434525111111  0.000601610324483
  19  0.0435132  0.0434557052632  0.000569955102546
  20  0.0486932  0.04371758  0.00059860297191
  1  0.0422512  0.0422512  0
  2  0.0403292  0.0412902  0.00067952961672
  3  0.0446148  0.0423984  0.00101191158156
  4  0.0472556  0.0436127  0.00129687073662
  5  0.0385024  0.04259064  0.00138278143164
  6  0.0428544  0.0426346  0.00115301641407
  7  0.0431992  0.0427152571429  0.000991116879546
  8  0.04403  0.0428796  0.000880747205502
  9  0.042138  0.0427972  0.000786731507686
  10  0.0454692  0.0430644  0.000752065750317
  11  0.0386016  0.0426586909091  0.000785542264615
  12  0.0415848  0.0425692  0.000725160005332
  13  0.040656  0.0424220307692  0.000684149291935
  14  0.0390836  0.0421835714286  0.000675561832955
  15  0.0417236  0.0421529066667  0.000631219953456
  16  0.0342808  0.0416609  0.000759691616299
  17  0.0394016  0.041528  0.000726535604616
  18  0.0399788  0.0414419333333  0.000691251521464
  19  0.0399264  0.0413621684211  0.000659455921677
  20  0.0381056  0.04119934  0.000646272811296
  1  0.0357968  0.0357968  0
  2  0.0396272  0.037712  0.00135425090733
  3  0.03853  0.0379846666667  0.000929878411805
  4  0.0376428  0.0378992  0.000701325502174
  5  0.0384148  0.03800232  0.000568591032219
  6  0.0368656  0.0378128666667  0.000504402039089
  7  0.0386312  0.0379297714286  0.000445686203197
  8  0.0409484  0.0383071  0.000525985340813
  9  0.0366336  0.0381211555556  0.000499329195234
  10  0.0398684  0.03829588  0.00047899142055
  11  0.035962  0.0380837090909  0.000480143681225
  12  0.0371164  0.0380031  0.000446847021113
  13  0.0387948  0.038064  0.000416603481253
  14  0.0392348  0.0381476285714  0.000395150708453
  15  0.0382964  0.0381575466667  0.000368931776634
  16  0.0393728  0.0382335  0.000353605512012
  17  0.0357548  0.0380876941176  0.000361618719131
  18  0.037338  0.0380460444444  0.000343918940908
  19  0.0344128  0.0378548210526  0.000375232156952
  20  0.0343828  0.03768122  0.00039459056195
  1  0.0365712  0.0365712  0
  2  0.034648  0.0356096  0.000679953880789
  3  0.0350276  0.0354156  0.000480181113979
  4  0.0382972  0.036136  0.000720367919885
  5  0.0372436  0.03635752  0.000609403027495
  6  0.0382148  0.0366670666667  0.000581159650405
  7  0.0354964  0.0364998285714  0.000521644882613
  8  0.0308012  0.0357875  0.000807664722363
  9  0.0345948  0.0356549777778  0.000728715269596
  10  0.035884  0.03567788  0.000656203531962
  11  0.0327428  0.0354110545455  0.000648532023762
  12  0.037674  0.0355996333333  0.000621300309313
  13  0.0355468  0.0355955692308  0.0005735212699
  14  0.035996  0.0356241714286  0.000533268201028
  15  0.0371016  0.0357226666667  0.000506731445216
  16  0.0360724  0.035744525  0.000475531935992
  17  0.035244  0.0357150823529  0.000448470016375
  18  0.037262  0.0358010222222  0.000431710780211
  19  0.0349424  0.0357558315789  0.000411347594491
  20  0.0364444  0.03579026  0.000392218340494
  1  0.0317932  0.0317932  0
  2  0.034616  0.0332046  0.000998010510967
  3  0.0339344  0.0334478666667  0.00069435597232
  4  0.0356608  0.0340011  0.000707635914507
  5  0.0305848  0.03331784  0.000833039301642
  6  0.0380572  0.0341077333333  0.00100092743512
  7  0.0342244  0.0341244  0.000858076550507
  8  0.0350156  0.0342358  0.000758013756471
  9  0.0322232  0.0340121777778  0.000706005345655
  10  0.0315972  0.03377068  0.000675446765452
  11  0.0337604  0.0337697454545  0.000614043160564
  12  0.0315456  0.0335844  0.000590183099649
  13  0.0353904  0.0337233230769  0.000560896672461
  14  0.0302776  0.0334772  0.000572290392963
  15  0.030538  0.0332812533333  0.000566690837905
  16  0.03445  0.0333543  0.000535959855656
  17  0.0337564  0.0333779529412  0.000504954460526
  18  0.034646  0.0334484  0.000481790469288
  19  0.0336392  0.0334584421053  0.000456537719499
  20  0.0345992  0.03351548  0.000437259353794
  1  0.0306016  0.0306016  0
  2  0.0275168  0.0290592  0.0010906414993
  3  0.0295332  0.0292172  0.000738450293219
  4  0.0337992  0.0303627  0.00113616191958
  5  0.0291536  0.03012088  0.000934309601107
  6  0.0323628  0.0304945333333  0.000850030476142
  7  0.0314796  0.0306352571429  0.000740154412697
  8  0.0307288  0.03064695  0.000647727465596
  9  0.032898  0.0308970666667  0.000622177147574
  10  0.033526  0.03115996  0.000612989543663
  11  0.0328048  0.0313094909091  0.000575212230105
  12  0.0300788  0.0312069333333  0.000536342718653
  13  0.0329244  0.0313390461538  0.000511097774851
  14  0.0322344  0.031403  0.000478575347958
  15  0.033156  0.0315198666667  0.000460718651256
  16  0.0308732  0.03147945  0.000433692893755
  17  0.0302956  0.0314098117647  0.000413734692073
  18  0.0327528  0.0314844222222  0.000397419899186
  19  0.0325392  0.0315399368421  0.00038036065144
  20  0.0316496  0.03154542  0.000361382138435
  1  0.0330048  0.0330048  0
  2  0.0278944  0.0304496  0.00180679924729
  3  0.03041  0.0304364  0.00120458104842
  4  0.0312436  0.0306382  0.000920184030507
  5  0.031088  0.03072816  0.000740531550496
  6  0.031942  0.0309304666667  0.000644151337751
  7  0.0284424  0.0305750285714  0.000642756120861
  8  0.0295028  0.030441  0.00057621611831
  9  0.0289848  0.0302792  0.000534426036181
  10  0.0305556  0.03030684  0.000481697659367
  11  0.03119  0.0303871272727  0.000444547579302
  12  0.0300136  0.030356  0.000408590262026
  13  0.034956  0.0307098461538  0.000507765332815
  14  0.0278072  0.0305025142857  0.000512078974184
  15  0.0327752  0.0306540266667  0.000499852582665
  16  0.031446  0.030703525  0.000471056228356
  17  0.032078  0.0307843764706  0.000450232195345
  18  0.033804  0.0309521333333  0.000455401306135
  19  0.0307188  0.0309398526316  0.000431598369997
  20  0.030804  0.03093306  0.000410071900305
  1  0.0277932  0.0277932  0
  2  0.0266964  0.0272448  0.000387777358803
  3  0.0280076  0.0274990666667  0.000331561012764
  4  0.026794  0.0273228  0.000291786908548
  5  0.0289144  0.02764112  0.000368173114065
  6  0.0269344  0.0275233333333  0.000325106692459
  7  0.0271524  0.0274703428571  0.000282948492361
  8  0.0290472  0.02766745  0.000308691828022
  9  0.0307192  0.0280065333333  0.000421299895532
  10  0.030018  0.02820768  0.000424480624952
  11  0.0266824  0.0280690181818  0.000407911036691
  12  0.0288064  0.0281304666667  0.000378518512195
  13  0.0288564  0.0281863076923  0.000353496686703
  14  0.0250444  0.0279618857143  0.000393082371652
  15  0.0281516  0.0279745333333  0.000367080295505
  16  0.0279544  0.027973275  0.000344139933782
  17  0.0318812  0.0282031529412  0.000393248379924
  18  0.03085  0.0283502  0.000397945292164
  19  0.0248272  0.0281647789474  0.000417972544233
  20  0.0297796  0.02824552  0.000404797303944
  1  0.0257972  0.0257972  0
  2  0.0288452  0.0273212  0.00107763073453
  3  0.0277708  0.0274710666667  0.000728767003359
  4  0.027662  0.0275188  0.000548136260432
  5  0.024924  0.02699984  0.000638549712771
  6  0.0252104  0.0267016  0.00059772848537
  7  0.0280324  0.0268917142857  0.000541729672562
  8  0.027398  0.026955  0.000477695729518
  9  0.02592  0.02684  0.000438242356986
  10  0.0261064  0.02676664  0.000400511142217
  11  0.0259372  0.0266912363636  0.000371131232781
  12  0.028744  0.0268623  0.000377574778833
  13  0.0263288  0.0268212615385  0.000350753702345
  14  0.0254988  0.0267268  0.000338180468667
  15  0.022864  0.02646928  0.000401896710578
  16  0.0280936  0.0265708  0.000389389204396
  17  0.0253572  0.0264994117647  0.000372970494476
  18  0.0260928  0.0264768222222  0.000352933333994
  19  0.0282104  0.0265680631579  0.000345950802085
  20  0.0243664  0.02645798  0.000345724389044
  1  0.0257096  0.0257096  0
  2  0.0246564  0.025183  0.000372362430973
  3  0.0283864  0.0262508  0.000906507103606
  4  0.0268612  0.0264034  0.000692605464893
  5  0.0239408  0.02591088  0.000707863158753
  6  0.0246976  0.0257086666667  0.000618094366522
  7  0.0260208  0.0257532571429  0.000531401157072
  8  0.0254864  0.0257199  0.00046602178463
  9  0.0244768  0.0255817777778  0.000434228154679
  10  0.0270304  0.02572664  0.000414264855183
  11  0.0256892  0.0257232363636  0.000376618395831
  12  0.024252  0.0256006333333  0.000364643754485
  13  0.026864  0.0256978153846  0.000349304368023
  14  0.0260292  0.0257214857143  0.00032515506738
  15  0.0247476  0.02565656  0.000309892335827
  16  0.026484  0.025708275  0.000294807599798
  17  0.0265312  0.0257566823529  0.000281412153776
  18  0.02705  0.0258285333333  0.000274797701574
  19  0.025282  0.0257997684211  0.000261835844311
  20  0.0227144  0.0256455  0.000290658583049
