  1  0.1024664  0.1024664  0
  2  0.1117712  0.1071188  0.00328974358879
  3  -0.0638012  0.0501454666667  0.0465702025837
  4  0.0273216  0.0444395  0.0352754788995
  5  0.0722936  0.05001032  0.028656888383
  6  -0.0544684  0.0325972  0.0286874603553
  7  0.1612796  0.0509804  0.0299047806952
  8  0.0928664  0.05621615  0.0266210771419
  9  0.0884876  0.0598018666667  0.0239034483006
  10  0.0987932  0.063701  0.0218288006453
  11  -0.1818192  0.0413809818182  0.0290979830946
  12  0.0891288  0.0453599666667  0.026943829604
  13  -0.0885552  0.0350588  0.0267680661494
  14  -0.1839588  0.0194146857143  0.0290702733619
  15  0.0270108  0.0199210933333  0.0271366656198
  16  -0.18447  0.00714665  0.0282880293194
  17  0.1962372  0.0182696235294  0.0287277166978
  18  0.1282308  0.0243785777778  0.0277736733502
  19  0.1128596  0.0290354736842  0.0266994646603
  20  -0.0259176  0.02628782  0.025505480707
  1  0.0951324  0.0951324  0
  2  0.0418132  0.0684728  0.0188511839437
  3  0.1231604  0.086702  0.0194801635293
  4  -0.0051548  0.0637378  0.0246773488242
  5  0.0026348  0.0515172  0.0225658201775
  6  -0.0997992  0.0262978  0.0297260408181
  7  0.0241576  0.0259920571429  0.0254810358466
  8  -0.0184072  0.02044215  0.0228923289838
  9  0.0615944  0.0250146222222  0.0208003735257
  10  0.0536888  0.02788204  0.0189169464417
  11  0.0133236  0.0265585454545  0.0172434599956
  12  -0.1535576  0.0115488666667  0.0213626274771
  13  -0.0461908  0.00710735384615  0.0201757843647
  14  0.00333  0.00683754285714  0.0187364609159
  15  -0.0833196  0.000827066666667  0.0184262128149
  16  0.04745  0.003741  0.0175034637756
  17  -0.1071472  -0.00278183529412  0.017647443715
  18  0.0254176  -0.0012152  0.0167364240041
  19  0.0339776  0.000637052631579  0.0159577266231
  20  0.0459564  0.00290302  0.0153198771335
  1  0.0362576  0.0362576  0
  2  0.05095  0.0436038  0.00519454783595
  3  -0.085564  0.000547866666667  0.0353251778011
  4  -0.0523956  -0.012688  0.0288672302069
  5  0.0293048  -0.00428944  0.0242848000845
  6  -0.0284024  -0.00830826666667  0.020567177811
  7  -0.0217016  -0.0102216  0.0177177832829
  8  -0.020678  -0.01152865  0.0155511965184
  9  0.0784644  -0.00152942222222  0.0167319571829
  10  -0.0336724  -0.00474372  0.0153644015839
  11  0.0493584  0.000174654545455  0.0147338449145
  12  0.0227664  0.0020573  0.0136257729693
  13  0.0903376  0.00884809230769  0.0141691391886
  14  -0.0079572  0.00764771428571  0.0132078066258
  15  0.031694  0.0092508  0.0124241918403
  16  0.00934  0.009256375  0.0116476811011
  17  -0.007916  0.00824623529412  0.0110062381767
  18  -0.0414052  0.00548782222222  0.0107348773091
  19  0.027814  0.00666288421053  0.010233994057
  20  0.006024  0.00663094  0.0097223442091
  1  0.0114748  0.0114748  0
  2  0.0283692  0.019922  0.00597307240204
  3  0.0157972  0.0185470666667  0.00413726997624
  4  0.0662848  0.0304815  0.0107912621295
  5  -0.0482288  0.01473944  0.0165160170434
  6  0.0269432  0.0167734  0.0138880246904
  7  0.000348  0.0144269142857  0.0121006257821
  8  0.0170232  0.01475145  0.0105923986481
  9  -0.0140744  0.0115485777778  0.00988784906995
  10  -0.0117692  0.0092168  0.00916988614001
  11  -0.0157468  0.00694738181818  0.00861250755823
  12  -0.0465916  0.0024858  0.00897634378891
  13  0.0002484  0.00231369230769  0.00828750559207
  14  0.0194528  0.00353791428571  0.00778543626986
  15  -0.0485588  6.48e-05  0.00800368840182
  16  0.0269936  0.00174785  0.00767837849605
  17  0.0349368  0.00370014117647  0.00747078067561
  18  0.0056156  0.00380655555556  0.00705649515137
  19  0.034512  0.00542263157895  0.00686766442779
  20  -0.0774036  0.00128132  0.00767197391644
  1  0.0079324  0.0079324  0
  2  -0.0202604  -0.006164  0.00996766003032
  3  0.0108996  -0.000476133333333  0.00810711586767
  4  0.0204872  0.0047647  0.00758750600313
  5  0.0388672  0.0115852  0.00860583142424
  6  0.0579336  0.0193099333333  0.0100576857216
  7  0.019636  0.0193565142857  0.00862098134201
  8  0.0277868  0.0204103  0.00760749080701
  9  -0.0005584  0.0180804444444  0.00711003723293
  10  -0.0330632  0.01296608  0.00803048449105
  11  -0.0396248  0.00818509090909  0.0086067589967
  12  0.0245188  0.00954623333333  0.00799643579456
  13  0.001224  0.00890606153846  0.00740690618426
  14  0.0304508  0.0104449714286  0.00703589272902
  15  0.0150184  0.0107498666667  0.00657343609966
  16  0.0014556  0.010168975  0.00618820968657
  17  -0.0499252  0.00663402352941  0.00675885380954
  18  0.0269452  0.00776242222222  0.00647687078586
  19  -0.0086932  0.00689633684211  0.00619361851153
  20  -0.0194664  0.0055782  0.00602256855612
  1  -0.0341  -0.0341  0
  2  0.0164892  -0.0088054  0.0178859831874
  3  -0.0096916  -0.0091008  0.0119264279149
  4  -0.0065828  -0.0084713  0.00896141865262
  5  -0.0137796  -0.00953296  0.0072317489652
  6  -0.0206032  -0.011378  0.00625739563645
  7  -0.003714  -0.0102831428571  0.00545842527246
  8  0.013022  -0.00737  0.00549881292508
  9  0.0046236  -0.00603737777778  0.00504672964944
  10  0.0097904  -0.0044546  0.0047838212623
  11  0.0018016  -0.00388585454545  0.0043826069076
  12  0.0195124  -0.001936  0.00442995764565
  13  -0.0010316  -0.00186643076923  0.00408973790326
  14  -0.017114  -0.00295554285714  0.00393996311966
  15  -0.019138  -0.00403437333333  0.00382214740721
  16  0.0064152  -0.003381275  0.00363863352961
  17  0.0205288  -0.0019748  0.00368641674758
  18  0.0012448  -0.00179593333333  0.00348595246353
  19  0.0065768  -0.00135526315789  0.00333021805284
  20  0.0101852  -0.00077824  0.00321330839957
  1  0.007128  0.007128  0
  2  0.014552  0.01084  0.00262478037176
  3  -0.0131936  0.0028288  0.00677113022438
  4  0.0260684  0.0086387  0.00714883336968
  5  -0.0026332  0.00638432  0.0060641163592
  6  -0.0209576  0.00182733333333  0.00654540021876
  7  -0.029588  -0.00266057142857  0.00698139751116
  8  0.0294752  0.0013564  0.00717185795628
  9  0.0087416  0.00217697777778  0.00642175702555
  10  0.0053524  0.00249452  0.00578742689161
  11  0.0190652  0.00400094545455  0.00545383021378
  12  0.00779  0.0043167  0.00500847647275
  13  -0.0072524  0.00342676923077  0.00470160796112
  14  0.0055844  0.00358088571429  0.00436830402343
  15  -0.0002184  0.0033276  0.00408442023913
  16  0.0024492  0.0032727  0.00382951292064
  17  0.0109028  0.00372152941176  0.00363045419786
  18  0.0036668  0.00371848888889  0.0034287635712
  19  0.0069784  0.00389006315789  0.00325259225952
  20  -0.0110576  0.00314268  0.00317466874846
  1  0.011964  0.011964  0
  2  -0.003706  0.004129  0.0055401816306
  3  -0.011132  -0.000958  0.00555817579987
  4  0.0077184  0.0012111  0.00457233393438
  5  0.0266548  0.00629984  0.0058391961689
  6  -0.0049352  0.00442733333333  0.00515750190923
  7  -0.0195436  0.00100291428571  0.00544004962865
  8  -0.003668  0.00041905  0.0047912731841
  9  -0.0214688  -0.00201293333333  0.00483690826872
  10  -0.0010728  -0.00191892  0.00435413099851
  11  0.0049804  -0.00129170909091  0.00400322077245
  12  0.0003164  -0.0011577  0.00367186135484
  13  0.0094904  -0.000338615384615  0.00347956827156
  14  0.0003996  -0.000285885714286  0.00323142719096
  15  -0.0200756  -0.0016052  0.00327426313344
  16  0.0020528  -0.001376575  0.00307759319253
  17  -0.0021604  -0.00142268235294  0.00289690365984
  18  0.0225712  -8.96888888889e-05  0.00302715354798
  19  -0.0004328  -0.000107747368421  0.00286788354044
  20  -0.0219636  -0.00120054  0.00292529113769
  1  0.0032156  0.0032156  0
  2  -0.0038828  -0.0003336  0.00250966338779
  3  0.0035592  0.000964  0.00198035450923
  4  -0.004792  -0.000475  0.00193882838075
  5  0.0109028  0.00180056  0.00255897130982
  6  0.0009228  0.00165426666667  0.00213665370702
  7  0.0250932  0.00500268571429  0.00360059697791
  8  0.0024136  0.00467905  0.00316503375648
  9  0.0043108  0.00463813333333  0.00281362780625
  10  -0.0027132  0.003903  0.00262654622575
  11  0.002958  0.00381709090909  0.00238917384059
  12  -0.0067648  0.00293526666667  0.00234717826423
  13  0.0080976  0.00333236923077  0.00219996114197
  14  0.0043008  0.00340154285714  0.00204390828815
  15  0.0031988  0.00338802666667  0.00190769242579
  16  0.0077688  0.003661825  0.00180800311185
  17  0.0015244  0.00353609411765  0.00170601613059
  18  -0.004994  0.0030622  0.00167576410999
  19  -0.017862  0.00196092631579  0.00191555155331
  20  0.0075168  0.00223872  0.00183980656235
  1  -0.00882  -0.00882  0
  2  0.0026392  -0.0030904  0.00405143901349
  3  -0.0063404  -0.00417373333333  0.00284210991629
  4  -0.0060628  -0.004646  0.00217046551228
  5  0.0005828  -0.00360024  0.00197227795396
  6  -0.0047144  -0.00378593333333  0.00165228350921
  7  -0.0009244  -0.00337714285714  0.00146594034777
  8  -0.00472  -0.003545  0.00129227229135
  9  -0.0004996  -0.00320662222222  0.00119216525014
  10  0.0013888  -0.00274708  0.00115813648391
  11  0.0002936  -0.00247065454545  0.00108533890448
  12  0.0106496  -0.0013773  0.00144416742268
  13  -0.007198  -0.00182504615385  0.00140076810479
  14  -0.0050176  -0.00205308571429  0.00131914462541
  15  -0.005496  -0.00228261333333  0.00125101088589
  16  -0.0107188  -0.002809875  0.0012791179225
  17  -0.009092  -0.00317941176471  0.00125612153562
  18  -0.003678  -0.00320711111111  0.00118664237243
  19  -0.0132164  -0.00373391578947  0.00123560278643
  20  -0.0046992  -0.00378218  0.00117476489954
  1  0.0005812  0.0005812  0
  2  -0.0091164  -0.0042676  0.00342861936062
  3  0.0032376  -0.00176586666667  0.00306546608576
  4  0.0042928  -0.0002512  0.00264698321491
  5  -0.0035712  -0.0009152  0.00219929299767
  6  0.002544  -0.000338666666667  0.00190681499112
  7  0.0101656  0.00116194285714  0.00214509777322
  8  -0.0012384  0.0008619  0.00189782860495
  9  0.0002212  0.000790711111111  0.0016882934047
  10  0.008448  0.00155644  0.00168418458034
  11  0.0178372  0.00303650909091  0.00208222359409
  12  -0.0115004  0.0018251  0.00223346680055
  13  0.0127256  0.0026636  0.00221346963132
  14  0.0062412  0.00291914285714  0.00207006318462
  15  -0.0022048  0.00257754666667  0.0019600409773
  16  -0.0006812  0.002373875  0.00184809008023
  17  0.0044064  0.00249343529412  0.00174324202444
  18  0.0061404  0.00269604444444  0.00165812761572
  19  0.00269  0.00269572631579  0.00157085777173
  20  -0.0190016  0.00161086  0.00182895923613
  1  0.0037132  0.0037132  0
  2  -0.0128816  -0.0045842  0.00586714780622
  3  -0.004046  -0.0044048  0.00391417367014
  4  0.000972  -0.0030606  0.00315801839925
  5  0.0005604  -0.0023364  0.00260813033539
  6  -0.005734  -0.00290266666667  0.00223406912191
  7  -0.0039856  -0.00305737142857  0.00192026541509
  8  0.0027776  -0.002328  0.00181346773338
  9  0.0068016  -0.0013136  0.00187433314561
  10  -0.0013808  -0.00132032  0.00168691187753
  11  -0.0068676  -0.00182461818182  0.00160716885832
  12  0.0023  -0.0014809  0.00150954548283
  13  0.0080816  -0.000745323076923  0.00156239881801
  14  0.0061872  -0.000250142857143  0.00152725452143
  15  -0.0074176  -0.000727973333333  0.00149832330229
  16  -0.0070636  -0.00112395  0.00145606257716
  17  0.0005996  -0.00102256470588  0.00137393702038
  18  -0.0029848  -0.00113157777778  0.00130192474625
  19  0.0056332  -0.000775536842105  0.00128116148731
  20  -0.001008  -0.00078716  0.00121715613654
  1  -0.0017764  -0.0017764  0
  2  0.0060996  0.0021616  0.00278458650431
  3  -0.0072748  -0.000983866666667  0.00316893692842
  4  -0.01753  -0.0051204  0.00429905765488
  5  -0.006764  -0.00544912  0.00345179074851
  6  0.0049856  -0.00371  0.00328552226324
  7  -0.0002744  -0.0032192  0.00285258490152
  8  -0.000934  -0.00293355  0.00251027314892
  9  -0.0037352  -0.00302262222222  0.00223293362934
  10  0.0007544  -0.00264492  0.00204133463013
  11  -0.005862  -0.00293738181818  0.00187659229992
  12  0.0031388  -0.00243103333333  0.00178721687328
  13  0.001978  -0.00209187692308  0.00168161126755
  14  0.0012308  -0.00185454285714  0.00157815537251
  15  0.003238  -0.00151504  0.00150902122559
  16  0.002428  -0.0012686  0.00143468948078
  17  0.0008008  -0.00114687058824  0.00135545034526
  18  -0.0010144  -0.00113951111111  0.00128016752745
  19  0.0125824  -0.000417305263158  0.00140178098347
  20  0.0042668  -0.0001831  0.00135111543101
  1  -0.0001504  -0.0001504  0
  2  -0.001  -0.0005752  0.000300378960648
  3  0.0149768  0.0046088  0.00423745266876
  4  -0.0041332  0.0024233  0.00369899453467
  5  -0.0064968  0.00063928  0.00336199652759
  6  -0.00291  4.77333333333e-05  0.00285323082007
  7  -0.0054908  -0.000743485714286  0.00255297544881
  8  0.006388  0.00014795  0.00238441333816
  9  0.0074232  0.000956311111111  0.0022523391388
  10  -0.0059168  0.000269  0.00212939251901
  11  -0.0044588  -0.0001608  0.00197871177393
  12  0.008376  0.0005506  0.00193748693386
  13  -0.0035372  0.000236153846154  0.00181378665814
  14  0.0006172  0.000263371428571  0.00168443466867
  15  -0.0027548  6.216e-05  0.00158411113271
  16  -0.002334  -8.76e-05  0.00149216646189
  17  0.0035  0.000123435294118  0.00141923674055
  18  -0.0041964  -0.000116555555556  0.00136053000244
  19  0.0077168  0.000295726315789  0.00134994560303
  20  -0.0072872  -8.342e-05  0.00133463029831
  1  -0.001554  -0.001554  0
  2  -0.0015348  -0.0015444  6.7882250994e-06
  3  0.0025784  -0.000170133333333  0.00112209316046
  4  -0.0027324  -0.0008107  0.00100796036008
  5  0.0003752  -0.00057352  0.00083380651108
  6  -0.0008004  -0.000611333333333  0.000695695652913
  7  -0.0042192  -0.00112674285714  0.000763730117643
  8  -0.00386  -0.0014684  0.000740752981769
  9  -0.001912  -0.00151768888889  0.000660084872292
  10  -0.0052328  -0.0018892  0.00069075698071
  11  -0.0034044  -0.00202694545455  0.000641547971495
  12  -0.0019864  -0.00202356666667  0.000588094537862
  13  0.0065372  -0.00136504615385  0.000833657487073
  14  -0.0041  -0.0015604  0.000796670754209
  15  -0.0002028  -0.00146989333333  0.000748682774743
  16  0.0032488  -0.001174975  0.000757753578818
  17  -0.0011124  -0.00117129411765  0.000713188779003
  18  0.0013836  -0.00102935555556  0.000687546397367
  19  -0.0001448  -0.0009828  0.000652934041287
  20  -0.0002056  -0.00094394  0.000621442658513
  1  -0.0018796  -0.0018796  0
  2  -0.0006244  -0.001252  0.000443780215873
  3  -0.0020668  -0.0015236  0.000369739079172
  4  0.0038904  -0.0001701  0.00120452038899
  5  -0.0014868  -0.00043344  0.000991985261826
  6  -0.0060624  -0.0013716  0.0011902986852
  7  -0.0057788  -0.0020012  0.00117502786142
  8  0.0027768  -0.00140395  0.00117013258317
  9  0.0009332  -0.00114426666667  0.00106854468933
  10  0.0037712  -0.00065272  0.00106878641129
  11  0.0051592  -0.000124363636364  0.00109445668798
  12  -0.0001424  -0.000125866666667  0.00100325299605
  13  0.0064248  0.000378030769231  0.00104499017947
  14  -0.007802  -0.000206257142857  0.00112186562592
  15  0.0019456  -6.28e-05  0.00105620695884
  16  0.000656  -1.7875e-05  0.000991148989632
  17  0.002568  0.000134235294118  0.000944446065545
  18  0.002626  0.000272666666667  0.000902065021335
  19  -0.0022052  0.000142252631579  0.000863963643028
  20  0.0066844  0.00046936  0.00088051417406
  1  -0.001204  -0.001204  0
  2  0.0008632  -0.0001704  0.000730865569034
  3  -0.0051572  -0.00183266666667  0.00144204487319
  4  -0.0028252  -0.0020808  0.00110267522871
  5  0.0085856  5.248e-05  0.00210211278221
  6  0.0025708  0.0004722  0.0017931730108
  7  -0.0010184  0.000259257142857  0.00154959755024
  8  -0.0023712  -6.955e-05  0.00139034487347
  9  -0.0020984  -0.000294977777778  0.00125400415793
  10  0.0052412  0.00025864  0.00124482520309
  11  -0.0027444  -1.43636363636e-05  0.00116120978175
  12  -0.0028632  -0.000251766666667  0.0010884396747
  13  0.0003088  -0.000208646153846  0.00100556733179
  14  -0.000226  -0.000209885714286  0.00093374185781
  15  0.00032  -0.00017456  0.000872160373265
  16  0.0017192  -5.62e-05  0.000825642547505
  17  0.0012352  1.97647058824e-05  0.000780562149701
  18  0.005352  0.000316  0.000791416661967
  19  0.0077812  0.000708905263158  0.000841661663605
  20  0.0009316  0.00072004  0.00079965223036
  1  -0.001694  -0.001694  0
  2  -0.0040816  -0.0028878  0.000844144075381
  3  -0.00305  -0.00294186666667  0.000564491522096
  4  -0.0011348  -0.0024901  0.000576464090382
  5  -0.0016248  -0.00231704  0.000486455294225
  6  -0.0055732  -0.00285973333333  0.000640126950372
  7  0.0037384  -0.00191714285714  0.00103082566765
  8  0.000514  -0.00161325  0.000945706787111
  9  0.008086  -0.000535555555556  0.00131872435397
  10  0.0022352  -0.00025848  0.00121561147319
  11  0.005576  0.000271927272727  0.00121532103578
  12  0.0034368  0.000535666666667  0.0011423031966
  13  -0.0018708  0.000350553846154  0.00106932750911
  14  -0.0013088  0.000232028571429  0.000999494114868
  15  0.00393  0.00047856  0.000962785472115
  16  -0.0008924  0.000392875  0.000906416213874
  17  0.0051324  0.000671670588235  0.000894947116945
  18  -0.0007636  0.000591933333333  0.000848772581474
  19  -0.0038284  0.000359284210526  0.000835376714506
  20  -0.002338  0.00022442  0.000804420538512
  1  0.0038452  0.0038452  0
  2  0.000476  0.0021606  0.00119119208359
  3  0.0024704  0.00226386666667  0.000798591701175
  4  0.0044936  0.0028213  0.000769274065272
  5  -0.0045936  0.00133832  0.00146223274492
  6  0.0013152  0.00133446666667  0.00121853236465
  7  -0.0021772  0.0008328  0.00114306852617
  8  0.0037784  0.001201  0.00105782550073
  9  -0.0007272  0.000986755555556  0.000961740421218
  10  0.0011396  0.00100204  0.000865687824473
  11  -0.0030304  0.000635454545455  0.000861115360944
  12  -0.0059436  8.72e-05  0.000947954089371
  13  -0.0021824  -8.73846153846e-05  0.000890966128487
  14  -0.001246  -0.000170142857143  0.000831160343191
  15  0.0015652  -5.44533333333e-05  0.000783759733584
  16  0.0044508  0.000227125  0.000783725011738
  17  -0.0022936  7.88470588235e-05  0.000751519474598
  18  0.0056748  0.000389733333333  0.000771396128562
  19  0.0007672  0.0004096  0.000731052112311
  20  0.000842  0.00043122  0.00069481912609
  1  0.0007804  0.0007804  0
  2  -0.001156  -0.0001878  0.000684620785545
  3  -0.003812  -0.00139586666667  0.00108685953844
  4  0.0048488  0.0001653  0.00157873108144
  5  0.000834  0.00029904  0.00126863701652
  6  0.000822  0.0003862  0.00106018739119
  7  -0.0028984  -8.30285714286e-05  0.00100723172814
  8  0.001306  9.06e-05  0.000896168033909
  9  -0.002048  -0.000147022222222  0.000827497554027
  10  -0.0062492  -0.00075724  0.000943280682639
  11  0.003958  -0.000328581818182  0.000949946091017
  12  0.0028096  -6.70666666667e-05  0.000906066014683
  13  -0.0004828  -9.90461538462e-05  0.00083693279467
  14  -0.000842  -0.000152114285714  0.00077883253229
  15  -0.0038428  -0.00039816  0.000764788382803
  16  -0.0009808  -0.000434575  0.000717855526002
  17  -0.0004868  -0.000437647058824  0.000675635303752
  18  0.0035032  -0.000218711111111  0.000672637814274
  19  -0.0025  -0.000338778947368  0.000647863433832
  20  0.0022184  -0.00021092  0.000627960316007
  1  0.0032652  0.0032652  0
  2  0.0025696  0.0029174  0.000245931738497
  3  0.001894  0.00257626666667  0.00032320639891
  4  0.0003116  0.0020101  0.000546963076907
  5  0.0015312  0.00191432  0.000445877736067
  6  0.0022836  0.00197586666667  0.000375788565454
  7  -0.0036144  0.00117725714286  0.000806484622336
  8  -0.0018352  0.0008007  0.000788699390611
  9  -0.0002636  0.000682444444444  0.000709876234581
  10  0.0014604  0.00076024  0.000643137303412
  11  -0.000236  0.000669672727273  0.000591012763645
  12  -0.0033548  0.0003343  0.000629767973366
  13  -0.0020804  0.000148553846154  0.000608099978604
  14  -0.0038264  -0.000135371428571  0.000627456120543
  15  -0.0058408  -0.000515733333333  0.000691366503265
  16  -0.0024036  -0.000633725  0.000658147576269
  17  0.000934  -0.000541505882353  0.00062586050075
  18  0.0078728  -7.40444444444e-05  0.000745498579634
  19  -0.0002408  -8.28210526316e-05  0.000706313473036
  20  0.0030132  7.198e-05  0.000687752313249
  1  0.0014788  0.0014788  0
  2  0.0012692  0.001374  7.41047906683e-05
  3  -0.0030876  -0.0001132  0.00121529827706
  4  -0.00143  -0.0004424  0.00095502031392
  5  -0.0002448  -0.00040288  0.000764833508889
  6  0.0017276  -4.78e-05  0.000715050728581
  7  -0.00118  -0.000209542857143  0.000630928424692
  8  0.0021448  8.475e-05  0.000616891491421
  9  -0.0015704  -9.91555555556e-05  0.00057510769171
  10  -0.00111  -0.00020024  0.000526405578086
  11  -0.0015992  -0.000327418181818  0.000493674493391
  12  0.0014284  -0.0001811  0.000473722291186
  13  -0.0032144  -0.000414430769231  0.000491396941152
  14  0.0024464  -0.000210085714286  0.00049697219596
  15  0.00242  -3.47466666667e-05  0.000493804015993
  16  0.0008976  2.3525e-05  0.000466366784595
  17  0.0017152  0.000123035294118  0.000449424497582
  18  0.0043656  0.000358733333333  0.000482317894503
  19  -5.24e-05  0.000337094736842  0.00045741787907
  20  -0.0001764  0.00031142  0.000435266946574
  1  -0.0001228  -0.0001228  0
  2  -0.0005952  -0.000359  0.000167018621716
  3  0.0014288  0.000236933333333  0.000499154853134
  4  0.0011816  0.0004731  0.000426592343462
  5  -0.00306  -0.00023352  0.000718273845493
  6  -0.0017716  -0.000489866666667  0.000642679748599
  7  0.000532  -0.000343885714286  0.000567205461614
  8  -0.0035396  -0.00074335  0.000621243659676
  9  0.001602  -0.000482755555556  0.000604406425093
  10  -0.0009464  -0.00052912  0.000545741209879
  11  2.04e-05  -0.000479163636364  0.000498409594789
  12  -0.0033544  -0.000718766666667  0.000511234452539
  13  0.0001408  -0.000652646153846  0.00047616537635
  14  0.0060032  -0.000177228571429  0.000636692415361
  15  -0.0008368  -0.0002212  0.000595762702947
  16  -0.0018168  -0.000320925  0.000566812592175
  17  0.0024508  -0.000157882352941  0.000556426244486
  18  0.0016928  -5.50666666667e-05  0.000534928412887
  19  0.002392  7.37263157895e-05  0.000522048633646
  20  -0.003808  -0.00012036  0.000530800017257
  1  0.0033228  0.0033228  0
  2  -0.0008904  0.0012162  0.00148959114525
  3  0.0007412  0.00105786666667  0.00100144028427
  4  -0.0005024  0.0006678  0.000823550538826
  5  0.000318  0.00059784  0.000661805284717
  6  0.0036492  0.0011064  0.000720891694747
  7  -0.000248  0.000912914285714  0.000643348960892
  8  -0.0015856  0.0006006  0.000634222559517
  9  0.0009024  0.000634133333333  0.000564639196498
  10  -0.001196  0.00045112  0.00053701639096
  11  -0.0010464  0.000314981818182  0.000505158161276
  12  -0.001746  0.000143233333333  0.000491391395164
  13  0.0008852  0.000200307692308  0.000456894584253
  14  0.0009904  0.000256742857143  0.00042773046416
  15  -0.0010204  0.0001716  0.000407601171517
  16  5.64e-05  0.0001644  0.000382189684581
  17  -0.0024708  9.38823529412e-06  0.000389878183964
  18  -0.000138  1.2e-06  0.00036830425962
  19  0.001974  0.000105031578947  0.000363261090834
  20  -0.0032332  -6.188e-05  0.000381522156735
  1  0.00129  0.00129  0
  2  -0.0050464  -0.0018782  0.00224025570416
  3  0.0013064  -0.000816666666667  0.00172678572906
  4  -0.0009252  -0.0008438  0.00129530245503
  5  0.0055112  0.0004272  0.00153822956934
  6  -0.000926  0.000201666666667  0.00129828641051
  7  0.0005508  0.000251542857143  0.00111377455654
  8  -0.001004  9.46e-05  0.000985548179949
  9  0.0027456  0.000389155555556  0.00091900689812
  10  -0.000186  0.00033164  0.000828904044531
  11  -0.0007688  0.0002316  0.000759562029524
  12  0.0008332  0.000281733333333  0.0006979177066
  13  0.0020096  0.000414646153846  0.000656765886491
  14  -0.0041052  9.18e-05  0.000684621509914
  15  0.0015444  0.00018864  0.000645792787187
  16  0.000158  0.000186725  0.000605433577301
  17  -0.0014488  9.05176470588e-05  0.000577413231471
  18  -0.0010228  2.86666666667e-05  0.000548637374674
  19  0.0017172  0.000117536842105  0.000526910312858
  20  -0.0030976  -4.322e-05  0.000524514766599
  1  -0.0026208  -0.0026208  0
  2  -0.000806  -0.0017134  0.000641628693249
  3  -0.000916  -0.0014476  0.00047965813752
  4  0.0029652  -0.0003444  0.00102088350952
  5  0.0008032  -0.00011488  0.000842112554187
  6  0.0016588  0.000180733333333  0.000751857997329
  7  0.0018268  0.000415885714286  0.000680229779733
  8  -0.0023992  6.4e-05  0.000680154328076
  9  -0.00185  -0.000148666666667  0.000636962179237
  10  0.0013748  3.68e-06  0.00059120421054
  11  0.0052712  0.000482545454545  0.000705214201369
  12  4.4e-06  0.0004427  0.000647571031067
  13  -0.001818  0.0002688  0.000620668542783
  14  -0.0008676  0.000187628571429  0.000581618682102
  15  0.0025092  0.0003424  0.000563060360214
  16  -0.0016884  0.000215475  0.0005419860304
  17  0.0001316  0.000210541176471  0.000510126955571
  18  -0.0001104  0.000192711111111  0.00048209806856
  19  -0.0003168  0.000165894736842  0.000457469699251
  20  -0.0015904  7.808e-05  0.000442944382604
  1  0.002084  0.002084  0
  2  -0.0014116  0.0003362  0.00123588123216
  3  0.0001264  0.000266266666667  0.000825897068288
  4  0.0008224  0.0004053  0.000631016883689
  5  -0.0024084  -0.00015744  0.000712865851953
  6  -0.0009  -0.0002812  0.000604702387773
  7  -0.00306  -0.000678171428571  0.000635394212109
  8  0.0001388  -0.00057605  0.000564116793924
  9  0.0031776  -0.000158977777778  0.000637228970569
  10  -0.000304  -0.00017348  0.000573671072445
  11  0.000558  -0.000106981818182  0.00052535915174
  12  -0.0030968  -0.000356133333333  0.000537421608409
  13  0.0016148  -0.000204523076923  0.000517024545691
  14  0.0036968  7.41428571429e-05  0.000550089446689
  15  -0.0026348  -0.000106453333333  0.000542252228794
  16  -0.0011556  -0.000172025  0.000512310740016
  17  -0.0018948  -0.000273364705882  0.000492095707414
  18  0.0003956  -0.0002362  0.00046615834564
  19  -0.0010104  -0.000276947368421  0.000443401003662
  20  -0.0006536  -0.00029578  0.000421630704266
  1  -5.12e-05  -5.12e-05  0
  2  0.0007644  0.0003566  0.000288358145368
  3  0.001956  0.000889733333333  0.000475860458849
  4  -0.002112  0.0001393  0.000741442464052
  5  0.000174  0.00014624  0.000593186450014
  6  -0.000534  3.28666666667e-05  0.000505040138486
  7  -0.0015552  -0.000194  0.000481155832876
  8  -0.0012856  -0.00033045  0.00043993390093
  9  0.000772  -0.000207955555556  0.000407749462871
  10  -0.0014268  -0.00032984  0.000384760356378
  11  -0.0013472  -0.000422327272727  0.000360726788189
  12  -0.0006716  -0.0004431  0.000331263789231
  13  -0.000736  -0.000465630769231  0.000306547212188
  14  -0.0003188  -0.000455142857143  0.00028483033792
  15  0.000914  -0.000363866666667  0.000280085169692
  16  -0.0028132  -0.00051695  0.000301526161541
  17  -0.0005488  -0.000518823529412  0.000283795149027
  18  -0.0001528  -0.000498488888889  0.000268756278697
  19  0.0001796  -0.0004628  0.000256969899183
  20  0.0010772  -0.0003858  0.000255397357073
  1  2e-06  2e-06  0
  2  -0.0016136  -0.0008058  0.000571200857842
  3  -0.0002128  -0.000608133333333  0.000413590557955
  4  0.0010428  -0.0001954  0.000473266573931
  5  0.001046  5.288e-05  0.000438933214419
  6  0.0011856  0.000241666666667  0.000404343477934
  7  -0.0004276  0.000146057142857  0.000357705298185
  8  0.0020868  0.00038865  0.000386599223599
  9  -0.0018556  0.000139288888889  0.00041636882405
  10  -0.0001404  0.00011132  0.000375670149147
  11  -0.0025376  -0.000129490909091  0.000411525025389
  12  -0.001628  -0.000254366666667  0.000395724515452
  13  0.0013404  -0.000131692307692  0.000383827964801
  14  -0.0011712  -0.000205942857143  0.000363522536948
  15  -0.0034636  -0.00042312  0.000398920620475
  16  -0.0014896  -0.000489775  0.000379515867535
  17  -4.56e-05  -0.000463647058824  0.00035808967021
  18  0.00429  -0.000199555555556  0.000424553926414
  19  -0.0008224  -0.000232336842105  0.000403472576667
  20  -0.0012728  -0.00028436  0.000386638295982
  1  -0.0004208  -0.0004208  0
  2  0.0023024  0.0009408  0.000962796593264
  3  -0.002336  -0.000151466666667  0.00109879671291
  4  0.001248  0.0001984  0.000878032892322
  5  -0.0003628  8.616e-05  0.000709563936851
  6  -0.001736  -0.000217533333333  0.000653067840047
  7  -0.0018128  -0.000445428571429  0.000598215642545
  8  -0.0008888  -0.00050085  0.00052599966938
  9  -0.0006688  -0.000519511111111  0.00046788616861
  10  0.0023404  -0.00023352  0.000500934099618
  11  -0.0022976  -0.000421163636364  0.00048927853773
  12  0.0001592  -0.0003728  0.000450889286731
  13  0.0026008  -0.000144061538462  0.000470662919814
  14  -0.0018192  -0.000263714285714  0.000451997492188
  15  -0.001348  -0.000336  0.000427605408967
  16  0.0018796  -0.000197525  0.000422707580986
  17  -0.0027164  -0.000345694117647  0.000423014502068
  18  -9.6e-06  -0.000327022222222  0.000399925573597
  19  0.0003924  -0.000289157894737  0.000380665106691
  20  -0.0042744  -0.00048842  0.000410484729533
  1  0.0021  0.0021  0
  2  -7.36e-05  0.0010132  0.000768483649794
  3  -0.0006552  0.000457066666667  0.000684590241326
  4  -0.0002584  0.0002782  0.000536300615327
  5  0.0001864  0.00025984  0.000429354650237
  6  0.0006648  0.000327333333333  0.00036306166806
  7  -0.0016028  5.16e-05  0.000402505126853
  8  0.0010636  0.0001781  0.000371538912834
  9  0.0009668  0.000265733333333  0.000340434830151
  10  0.0004016  0.00027932  0.000306662347477
  11  0.004252  0.000640472727273  0.00044305123206
  12  -0.0005804  0.000538733333333  0.000417648352441
  13  0.0027704  0.0007104  0.000419320204998
  14  0.0016264  0.000775828571429  0.000394440302437
  15  -0.000506  0.000690373333333  0.000377287649469
  16  0.0031412  0.00084355  0.000383543232366
  17  -0.0004984  0.000764611764706  0.000369015729439
  18  -0.0014132  0.000643622222222  0.00036781493397
  19  -4.36e-05  0.000607452631579  0.000350230131494
  20  -0.0022476  0.0004647  0.000360639822399
  1  0.0038536  0.0038536  0
  2  0.0023996  0.0031266  0.000514066629923
  3  -6.4e-05  0.00206306666667  0.00093355217117
  4  0.0008648  0.0017635  0.000746682628364
  5  -0.0001268  0.00138544  0.000686415222209
  6  0.0019188  0.00147433333333  0.00057774002163
  7  -0.0018284  0.00100251428571  0.000660333282402
  8  -0.0014096  0.000701  0.000642954247983
  9  -0.0004644  0.000571511111111  0.000584408758616
  10  0.001738  0.00068816  0.000537483470109
  11  -0.00049  0.000581054545455  0.000499178843779
  12  0.0003032  0.0005579  0.000458117306969
  13  -0.0009964  0.000438338461538  0.000438201712697
  14  -0.0025012  0.000228371428571  0.000454429365364
  15  0.0003876  0.000238986666667  0.000424258039496
  16  -0.0009084  0.000167275  0.00040375708232
  17  -0.0009148  0.000103623529412  0.000384991235736
  18  -0.001866  -5.8e-06  0.000378834178194
  19  0.0004488  1.81263157895e-05  0.000359650309759
  20  0.0001596  2.52e-05  0.000341737350607
