  1  -0.974196  -0.974196  0
  2  -0.9733536  -0.9737748  0.000297833376352
  3  -0.9719184  -0.973156  0.000542862732873
  4  -0.975676  -0.973786  0.00068076700863
  5  -0.9727816  -0.97358512  0.000573486007139
  6  -0.9753576  -0.973880533333  0.000548741644686
  7  -0.9727944  -0.973725371429  0.000491797727544
  8  -0.973548  -0.9737032  0.000430822492476
  9  -0.9721952  -0.973535644444  0.000414256786592
  10  -0.9761008  -0.97379216  0.000445222688423
  11  -0.9753336  -0.973932290909  0.000426230431901
  12  -0.9724248  -0.973806666667  0.000408805080793
  13  -0.9773552  -0.974079630769  0.000459540393933
  14  -0.9758424  -0.974205542857  0.000443630531811
  15  -0.9753824  -0.974284  0.000420935663843
  16  -0.97202  -0.9741425  0.000417733736234
  17  -0.9762032  -0.974263717647  0.000410371882697
  18  -0.9749736  -0.974303155556  0.0003894638821
  19  -0.9760912  -0.974397263158  0.000380165584908
  20  -0.9723736  -0.97429608  0.000374380460614
  1  -0.9548096  -0.9548096  0
  2  -0.9572104  -0.95601  0.000848810980095
  3  -0.95632  -0.956113333333  0.000572129257607
  4  -0.9589272  -0.9568168  0.000745166558584
  5  -0.9526176  -0.95597696  0.000958978533916
  6  -0.9569856  -0.956145066667  0.000813749744035
  7  -0.95416  -0.955861485714  0.000745275648618
  8  -0.9537304  -0.9555951  0.000698102219395
  9  -0.9557112  -0.955608  0.000620654482108
  10  -0.9546768  -0.95551488  0.000565531528535
  11  -0.9540672  -0.955383272727  0.000529211507203
  12  -0.9534712  -0.955223933333  0.000508532725546
  13  -0.9589968  -0.955514153846  0.000545984569282
  14  -0.95482  -0.955464571429  0.000509232055221
  15  -0.9550512  -0.955437013333  0.000476028347798
  16  -0.9536968  -0.95532825  0.000458533426911
  17  -0.9555592  -0.955341835294  0.000431762076045
  18  -0.9564912  -0.955405688889  0.00041246994601
  19  -0.9528032  -0.955268715789  0.000412878112782
  20  -0.9533984  -0.9551752  0.000402685505073
  1  -0.9369896  -0.9369896  0
  2  -0.935988  -0.9364888  0.000354119075964
  3  -0.9342376  -0.9357384  0.000656607631879
  4  -0.9339856  -0.9353002  0.000621713012585
  5  -0.9350944  -0.93525904  0.000498731031024
  6  -0.9344136  -0.935118133333  0.000435059277364
  7  -0.9386392  -0.935621142857  0.00059660155057
  8  -0.9351376  -0.9355607  0.000525079221419
  9  -0.9331664  -0.935294666667  0.000529861768146
  10  -0.935824  -0.9353476  0.000479512328926
  11  -0.9358136  -0.935389963636  0.000437787656625
  12  -0.9369376  -0.935518933333  0.000419872682658
  13  -0.9340944  -0.935409353846  0.000401619484996
  14  -0.933408  -0.9352664  0.000397560889978
  15  -0.9333048  -0.935135626667  0.000391975414141
  16  -0.9352096  -0.93514025  0.00036750421575
  17  -0.9368696  -0.935241976471  0.000359690004882
  18  -0.938324  -0.9354132  0.000378272054421
  19  -0.9340624  -0.935342105263  0.000364982843861
  20  -0.9370704  -0.93542852  0.000356817027725
  1  -0.9141512  -0.9141512  0
  2  -0.9134288  -0.91379  0.000255406969263
  3  -0.9145848  -0.914054933333  0.000275291543712
  4  -0.9138824  -0.9140118  0.000209820566248
  5  -0.9151584  -0.91424112  0.000265039466314
  6  -0.9155792  -0.914464133333  0.00030037922204
  7  -0.915468  -0.914607542857  0.000289685988287
  8  -0.9129792  -0.914404  0.000317018422178
  9  -0.9147936  -0.914447288889  0.000284734364613
  10  -0.9129616  -0.91429872  0.000292463855123
  11  -0.912772  -0.914159927273  0.000296988841103
  12  -0.9124096  -0.914014066667  0.000305968734166
  13  -0.9109352  -0.913777230769  0.000362690982487
  14  -0.91334  -0.913746  0.000338126427236
  15  -0.9145424  -0.913799093333  0.000319725908053
  16  -0.9142336  -0.91382625  0.000300894136005
  17  -0.9131224  -0.913784847059  0.000286028813345
  18  -0.9130376  -0.913743333333  0.00027313432499
  19  -0.9122744  -0.913666021053  0.000269478633927
  20  -0.913908  -0.91367812  0.000256276165221
  1  -0.8925336  -0.8925336  0
  2  -0.8922392  -0.8923864  0.000104086118111
  3  -0.8915072  -0.892093333333  0.000249146121035
  4  -0.8917192  -0.8919998  0.00020366116475
  5  -0.8928216  -0.89216416  0.000219447498205
  6  -0.891952  -0.8921288  0.000185699877301
  7  -0.8913688  -0.892020228571  0.000188253287547
  8  -0.8930864  -0.8921535  0.000206577657919
  9  -0.89172  -0.892105333333  0.000189156641626
  10  -0.893572  -0.892252  0.000219868120471
  11  -0.889424  -0.891994909091  0.000316289567432
  12  -0.892612  -0.892046333333  0.000294082822153
  13  -0.893004  -0.89212  0.000280535994155
  14  -0.8906232  -0.892013085714  0.000280130763707
  15  -0.8915784  -0.891984106667  0.000262950023709
  16  -0.8909816  -0.89192145  0.000253870943769
  17  -0.8921648  -0.891935764706  0.00023934059139
  18  -0.8918728  -0.891932266667  0.00022606945289
  19  -0.8907584  -0.891870484211  0.000222453178407
  20  -0.8930976  -0.89193184  0.000219628993344
  1  -0.8710208  -0.8710208  0
  2  -0.8699576  -0.8704892  0.000375897965025
  3  -0.8707256  -0.870568  0.000258726316192
  4  -0.868724  -0.870107  0.000443896508241
  5  -0.8697672  -0.87003904  0.000360281944711
  6  -0.8711672  -0.870227066667  0.000345836257536
  7  -0.8709088  -0.870324457143  0.000309840769377
  8  -0.8686432  -0.8701143  0.000334882470004
  9  -0.8697664  -0.870075644444  0.000299896017769
  10  -0.8702816  -0.87009624  0.00027061269854
  11  -0.8697688  -0.870066472727  0.000247643325569
  12  -0.8700688  -0.870066666667  0.00022700645769
  13  -0.871432  -0.870171692308  0.000232574201247
  14  -0.8708224  -0.870218171429  0.000220557207926
  15  -0.8705192  -0.87023824  0.000206764401102
  16  -0.869492  -0.8701916  0.000199032434524
  17  -0.872068  -0.870301976471  0.000215770346859
  18  -0.8695824  -0.870262  0.000207453339089
  19  -0.8710192  -0.870301852632  0.000200326099156
  20  -0.8715864  -0.87036608  0.000200341495637
  1  -0.8492608  -0.8492608  0
  2  -0.8484464  -0.8488536  0.000287933881234
  3  -0.8482528  -0.848653333333  0.000252160466202
  4  -0.8492432  -0.8488008  0.000228202366286
  5  -0.8493304  -0.84890672  0.000205679561167
  6  -0.8492536  -0.848964533333  0.000179340883702
  7  -0.8499344  -0.849103085714  0.000200210986029
  8  -0.8484912  -0.8490266  0.000189231220941
  9  -0.8477648  -0.8488864  0.000213927875211
  10  -0.8475528  -0.84875304  0.000230382639585
  11  -0.8489544  -0.848771345455  0.000210164750878
  12  -0.846412  -0.848574733333  0.000269349924514
  13  -0.848048  -0.848534215385  0.00025165977824
  14  -0.8488104  -0.848553942857  0.000234456017695
  15  -0.8492912  -0.848603093333  0.0002239182183
  16  -0.8495304  -0.84866105  0.000217294370799
  17  -0.8479864  -0.848621364706  0.000208104735552
  18  -0.8475312  -0.8485608  0.00020516723439
  19  -0.8469456  -0.848475789474  0.000211248016341
  20  -0.8487392  -0.84848896  0.000201095762994
  1  -0.8278744  -0.8278744  0
  2  -0.8257856  -0.82683  0.000738502322276
  3  -0.826476  -0.826712  0.000501673501562
  4  -0.8255024  -0.8264096  0.000458423646858
  5  -0.8265112  -0.82642992  0.000367188991581
  6  -0.8259904  -0.826356666667  0.000313212539369
  7  -0.8270088  -0.826449828571  0.000281982750782
  8  -0.826048  -0.8263996  0.000251168588831
  9  -0.8263672  -0.826396  0.000223286765767
  10  -0.8255736  -0.82631376  0.000215571866099
  11  -0.827984  -0.8264656  0.000243650192261
  12  -0.8263976  -0.826459933333  0.000223411895779
  13  -0.8253344  -0.826373353846  0.000222370648721
  14  -0.8254648  -0.826308457143  0.000215749041137
  15  -0.8258768  -0.82627968  0.000203275895553
  16  -0.8270496  -0.8263278  0.000196184039886
  17  -0.8262688  -0.826324329412  0.000184674497878
  18  -0.8278128  -0.826407022222  0.00019203835579
  19  -0.827028  -0.826439705263  0.000184691301259
  20  -0.8269264  -0.82646404  0.000177052638274
  1  -0.8053416  -0.8053416  0
  2  -0.8048704  -0.805106  0.00016659435771
  3  -0.804372  -0.804861333333  0.000228566884682
  4  -0.8029304  -0.8043786  0.000451840890141
  5  -0.8051856  -0.80454  0.000389233207214
  6  -0.8046312  -0.8045552  0.000324657658989
  7  -0.8057856  -0.804730971429  0.000322367151397
  8  -0.8032064  -0.8045404  0.000333679456981
  9  -0.8052872  -0.804623377778  0.000306747758135
  10  -0.8034304  -0.80450408  0.000298370667729
  11  -0.802572  -0.804328436364  0.000318779712373
  12  -0.8045904  -0.804350266667  0.000292961261505
  13  -0.8060736  -0.804482830769  0.000298917306148
  14  -0.80444  -0.804479771429  0.00027758172532
  15  -0.8054824  -0.804546613333  0.000267002811773
  16  -0.8051664  -0.80458535  0.000253109489339
  17  -0.8035944  -0.804527058824  0.000244840942233
  18  -0.8051656  -0.804562533333  0.000233794458634
  19  -0.8045784  -0.804563368421  0.000221490978531
  20  -0.8038576  -0.80452808  0.000213209012169
  1  -0.7832704  -0.7832704  0
  2  -0.7830088  -0.7831396  9.2489567142e-05
  3  -0.78294  -0.783073066667  8.21769005054e-05
  4  -0.7828344  -0.7830134  8.04280423021e-05
  5  -0.783656  -0.78314192  0.000131734054457
  6  -0.7829832  -0.783115466667  0.000112403031429
  7  -0.7833392  -0.783147428571  0.000100787263788
  8  -0.7826248  -0.7830821  0.000107292211998
  9  -0.7826016  -0.783028711111  0.000107839071266
  10  -0.783048  -0.78303064  9.70724133703e-05
  11  -0.7831576  -0.783042181818  8.89311571095e-05
  12  -0.7814592  -0.782910266667  0.000150323054542
  13  -0.7828296  -0.782904061538  0.000138887753174
  14  -0.7846536  -0.783029028571  0.000176447768549
  15  -0.7833632  -0.783051306667  0.000166085032921
  16  -0.7821328  -0.7829939  0.000165328504404
  17  -0.7824984  -0.782964752941  0.00015815171157
  18  -0.78218  -0.782921155556  0.000155258461962
  19  -0.7828888  -0.782919452632  0.000147096302757
  20  -0.782444  -0.78289568  0.000141649442204
  1  -0.7626664  -0.7626664  0
  2  -0.7617144  -0.7621904  0.000336582827899
  3  -0.761252  -0.7618776  0.000339969776452
  4  -0.761108  -0.7616852  0.000304592777276
  5  -0.7620176  -0.76175168  0.000250824238669
  6  -0.7622624  -0.7618368  0.000222996163332
  7  -0.7611488  -0.761738514286  0.000211694129932
  8  -0.762288  -0.7618072  0.000196058766682
  9  -0.763156  -0.761957066667  0.000224356964243
  10  -0.7625856  -0.76201992  0.000210541411023
  11  -0.7615248  -0.761974909091  0.000196153645875
  12  -0.7618336  -0.761963133333  0.000180160630996
  13  -0.7613776  -0.761918092308  0.000171840146755
  14  -0.762676  -0.761972228571  0.000167876911711
  15  -0.7607512  -0.761890826667  0.000175313276274
  16  -0.7620032  -0.76189785  0.00016449681938
  17  -0.7607  -0.761827388235  0.000169240089864
  18  -0.7620736  -0.761841066667  0.00016038967359
  19  -0.7622096  -0.761860463158  0.000153116463198
  20  -0.7618376  -0.76185932  0.000145464907371
  1  -0.7414096  -0.7414096  0
  2  -0.7405528  -0.7409812  0.00030292454511
  3  -0.7406112  -0.740857866667  0.000225664398509
  4  -0.7407816  -0.7408388  0.000170051874371
  5  -0.7399656  -0.74066416  0.000207139067431
  6  -0.7406872  -0.740668  0.000172651479311
  7  -0.7412592  -0.740752457143  0.000167374294965
  8  -0.7409968  -0.740783  0.00014921325339
  9  -0.7402464  -0.740723377778  0.000144054188831
  10  -0.7408296  -0.740734  0.000130039809276
  11  -0.7408376  -0.740743418182  0.000118558575485
  12  -0.7397168  -0.740657866667  0.000136088936044
  13  -0.7417232  -0.740739815385  0.000148254957851
  14  -0.740156  -0.740698114286  0.000143410280108
  15  -0.7404152  -0.740679253333  0.000135084173203
  16  -0.7402696  -0.74065365  0.000129044981881
  17  -0.7400752  -0.740619623529  0.000125860213454
  18  -0.7417088  -0.740680133333  0.000132618323604
  19  -0.7410008  -0.740697010526  0.000126707768555
  20  -0.7407336  -0.74069884  0.000120385586871
  1  -0.720992  -0.720992  0
  2  -0.7203576  -0.7206748  0.000224294270985
  3  -0.7201016  -0.720483733333  0.000216094245488
  4  -0.7196128  -0.720266  0.000248641830686
  5  -0.7220632  -0.72062544  0.000378053246582
  6  -0.7200032  -0.720521733333  0.000328961269829
  7  -0.7205872  -0.720531085714  0.000282099715613
  8  -0.7206288  -0.7205433  0.000247101535303
  9  -0.7214064  -0.7206392  0.000237527311483
  10  -0.721712  -0.72074648  0.000236765009557
  11  -0.7195248  -0.720635418182  0.000239879222305
  12  -0.72178  -0.7207308  0.000238098401667
  13  -0.7214184  -0.720783692308  0.000225581526594
  14  -0.7205168  -0.720764628571  0.000210272548933
  15  -0.7216496  -0.720823626667  0.000204363658315
  16  -0.71988  -0.72076465  0.000199919836656
  17  -0.721344  -0.720798729412  0.000191042445651
  18  -0.7215696  -0.720841555556  0.000185166954054
  19  -0.7209528  -0.720847410526  0.000175513867467
  20  -0.7198248  -0.72079628  0.000174026529249
  1  -0.702724  -0.702724  0
  2  -0.7009384  -0.7018312  0.000631304934234
  3  -0.701564  -0.701742133333  0.000427106661961
  4  -0.700836  -0.7015156  0.000375631894287
  5  -0.700604  -0.70133328  0.00034190061527
  6  -0.7022616  -0.701488  0.000318003717665
  7  -0.7019888  -0.701559542857  0.000280506869809
  8  -0.7013072  -0.701528  0.000247210638896
  9  -0.7015248  -0.701527644444  0.000219743045842
  10  -0.7010984  -0.70148472  0.000201917637049
  11  -0.7005616  -0.7014008  0.000200242735292
  12  -0.7007416  -0.701345866667  0.00019094225611
  13  -0.6996816  -0.701217846154  0.00021492824413
  14  -0.6995784  -0.701100742857  0.000229269141712
  15  -0.7024592  -0.701191306667  0.000231180441961
  16  -0.7013336  -0.7012002  0.000216902656729
  17  -0.7003472  -0.701150023529  0.000209867149192
  18  -0.7009584  -0.701139377778  0.000198477688444
  19  -0.7009296  -0.701128336842  0.000188338337062
  20  -0.700316  -0.70108772  0.000183248781947
  1  -0.681828  -0.681828  0
  2  -0.6814808  -0.6816544  0.000122753736953
  3  -0.6819928  -0.6817672  0.000123205771756
  4  -0.6830928  -0.6820986  0.000301509585242
  5  -0.68206  -0.68209088  0.000241306481335
  6  -0.6813304  -0.681964133333  0.000231999878644
  7  -0.6811152  -0.681842857143  0.000228365727904
  8  -0.6827816  -0.6819602  0.000227982926989
  9  -0.681928  -0.681956622222  0.00020267956209
  10  -0.6814408  -0.68190504  0.000188861449355
  11  -0.6823272  -0.681943418182  0.000175548303674
  12  -0.6835688  -0.682078866667  0.000206669902325
  13  -0.6827568  -0.682131015385  0.000197241821947
  14  -0.6823624  -0.682147542857  0.000183844259109
  15  -0.6813512  -0.682094453333  0.000179089449515
  16  -0.6825616  -0.68212365  0.000170259668894
  17  -0.6826024  -0.682151811765  0.000162556755692
  18  -0.6821872  -0.682153777778  0.000153537713145
  19  -0.683196  -0.682208631579  0.000154945956272
  20  -0.6809552  -0.68214596  0.000159369964303
  1  -0.6644736  -0.6644736  0
  2  -0.6634192  -0.6639464  0.000372786695063
  3  -0.6651184  -0.664337066667  0.000404365393981
  4  -0.6647696  -0.6644452  0.000317403150571
  5  -0.6642888  -0.66441392  0.000255459188712
  6  -0.6636328  -0.664283733333  0.000243809008429
  7  -0.6640552  -0.664251085714  0.000211153701089
  8  -0.6640448  -0.6642253  0.000186327289326
  9  -0.6620192  -0.663980177778  0.000284324107279
  10  -0.6640096  -0.66398312  0.000255906919347
  11  -0.6628672  -0.663881672727  0.000251949515177
  12  -0.6634864  -0.663848733333  0.000233096993806
  13  -0.6625376  -0.663747876923  0.000235979144129
  14  -0.6640032  -0.663766114286  0.000219827087634
  15  -0.663668  -0.663759573333  0.00020526923837
  16  -0.662684  -0.66369235  0.000203149353537
  17  -0.6650304  -0.663771058824  0.000205883146053
  18  -0.6635152  -0.663756844444  0.000194935263435
  19  -0.663432  -0.663739747368  0.000185423758639
  20  -0.6644328  -0.6637744  0.000179361347007
  1  -0.646672  -0.646672  0
  2  -0.647888  -0.64728  0.000429920923006
  3  -0.6462272  -0.646929066667  0.000405278124894
  4  -0.647072  -0.6469648  0.000305529834902
  5  -0.6471352  -0.64699888  0.000246317243247
  6  -0.6457848  -0.646796533333  0.000276140554646
  7  -0.6474472  -0.646889485714  0.000251850940248
  8  -0.6480688  -0.6470369  0.000259956436271
  9  -0.646332  -0.646958577778  0.000242584463977
  10  -0.6452768  -0.6467904  0.000270410130018
  11  -0.6467608  -0.646787709091  0.000245840779456
  12  -0.6468456  -0.646792533333  0.000225401377001
  13  -0.6462872  -0.646753661538  0.000211388072305
  14  -0.6470992  -0.646778342857  0.000197724549125
  15  -0.6467944  -0.646779413333  0.000184545810279
  16  -0.647876  -0.64684795  0.000185301760251
  17  -0.6471824  -0.646867623529  0.000175442919795
  18  -0.6468952  -0.646869155556  0.000165702779875
  19  -0.6470296  -0.6468776  0.000157196603998
  20  -0.6470832  -0.64688788  0.000149672530836
  1  -0.6303824  -0.6303824  0
  2  -0.630452  -0.6304172  2.46073158889e-05
  3  -0.629376  -0.630070133333  0.000283853191107
  4  -0.6289344  -0.6297862  0.000325247152217
  5  -0.6286256  -0.62955408  0.000332876268235
  6  -0.630916  -0.629781066667  0.000346243878945
  7  -0.6300504  -0.629819542857  0.000298910647272
  8  -0.6288368  -0.6296967  0.000285676055612
  9  -0.6289  -0.629608177778  0.000267297794711
  10  -0.62974  -0.62962136  0.000240892847209
  11  -0.6300592  -0.629661163636  0.000222257624066
  12  -0.6302456  -0.629709866667  0.000209004164418
  13  -0.6296504  -0.629705292308  0.000192976972726
  14  -0.6288216  -0.629642171429  0.000189234650633
  15  -0.6301816  -0.629678133333  0.00018000365294
  16  -0.6300232  -0.6296997  0.00017004049333
  17  -0.6296856  -0.629698870588  0.000160040134179
  18  -0.6294752  -0.629686444444  0.000151630655502
  19  -0.629752  -0.629689894737  0.000143689344308
  20  -0.6290672  -0.62965876  0.000139837350929
  1  -0.6120856  -0.6120856  0
  2  -0.613192  -0.6126388  0.000391171471377
  3  -0.6132856  -0.6128544  0.000314635704679
  4  -0.6133448  -0.612977  0.000258762651867
  5  -0.6124752  -0.61287664  0.000225634425763
  6  -0.6142656  -0.613108133333  0.000282864673821
  7  -0.6135968  -0.613177942857  0.000250921923642
  8  -0.6136408  -0.6132358  0.000226128624903
  9  -0.6140832  -0.613329955556  0.000219732869896
  10  -0.613732  -0.61337016  0.000201404096901
  11  -0.6146472  -0.613486254545  0.000213954015442
  12  -0.6127296  -0.6134232  0.000205205696257
  13  -0.6136016  -0.613436923077  0.000189878951833
  14  -0.6133304  -0.613429314286  0.000176468552675
  15  -0.6140152  -0.613468373333  0.000168971310481
  16  -0.6130856  -0.61344445  0.000160095205527
  17  -0.6129264  -0.613413976471  0.000153550714639
  18  -0.6131808  -0.613401022222  0.000145565533888
  19  -0.6126568  -0.613361852632  0.000143077154343
  20  -0.6142728  -0.6134074  0.00014298943035
  1  -0.5983304  -0.5983304  0
  2  -0.597712  -0.5980212  0.000218637416659
  3  -0.5988928  -0.598311733333  0.000278421540251
  4  -0.5980648  -0.59825  0.000215551478785
  5  -0.598324  -0.5982648  0.000172948528791
  6  -0.5977824  -0.5981844  0.000161735779036
  7  -0.59708  -0.598026628571  0.000201381009287
  8  -0.5982248  -0.5980514  0.000177725392111
  9  -0.5984816  -0.5980992  0.000164280422738
  10  -0.596844  -0.59797368  0.000189842223353
  11  -0.5974336  -0.597924581818  0.000178820202356
  12  -0.5984152  -0.597965466667  0.000168527606301
  13  -0.596692  -0.597867507692  0.000181818455033
  14  -0.5974024  -0.597834285714  0.000171839789787
  15  -0.597612  -0.597819466667  0.00016102151538
  16  -0.5982688  -0.59784755  0.000153387091528
  17  -0.597712  -0.597839576471  0.000144571417089
  18  -0.5977784  -0.597836177778  0.000136579615376
  19  -0.5976744  -0.597827663158  0.000129656351319
  20  -0.5966832  -0.59777044  0.000135212738761
  1  -0.5823552  -0.5823552  0
  2  -0.5830056  -0.5826804  0.000229951125245
  3  -0.5824512  -0.582604  0.00016550657577
  4  -0.5826176  -0.5826074  0.000124164850037
  5  -0.5832848  -0.58274288  0.000156686587546
  6  -0.5829096  -0.582770666667  0.000133013171163
  7  -0.582332  -0.582708  0.000127924467486
  8  -0.583112  -0.5827585  0.000121493492623
  9  -0.5831912  -0.582806577778  0.000117121274883
  10  -0.583744  -0.58290032  0.000137912770081
  11  -0.5825872  -0.582871854545  0.000128279274568
  12  -0.5836736  -0.582938666667  0.000133862328395
  13  -0.5826  -0.582912615385  0.000126074696469
  14  -0.5837096  -0.582969542857  0.00012928453578
  15  -0.5819016  -0.582898346667  0.000138892584474
  16  -0.5829816  -0.58290355  0.000130309227749
  17  -0.5832544  -0.582924188235  0.000124267563166
  18  -0.5822856  -0.582888711111  0.000122323204944
  19  -0.5829344  -0.582891115789  0.000115908775181
  20  -0.5813416  -0.58281364  0.000133518987094
  1  -0.56838  -0.56838  0
  2  -0.568748  -0.568564  0.000130107647638
  3  -0.5696208  -0.568916266667  0.000300418749692
  4  -0.5691912  -0.568985  0.000233044266125
  5  -0.5680136  -0.56879072  0.00025486062445
  6  -0.5685784  -0.568755333333  0.000214826476032
  7  -0.5682632  -0.568685028571  0.000195302530049
  8  -0.5675968  -0.568549  0.000213058900283
  9  -0.5692544  -0.568627377778  0.00020329154262
  10  -0.5683984  -0.56860448  0.000184247423195
  11  -0.5680016  -0.568549672727  0.000175460041848
  12  -0.568788  -0.568569533333  0.000161958498331
  13  -0.5675368  -0.568490092308  0.000167856248177
  14  -0.568968  -0.568524228571  0.000159299782669
  15  -0.5678128  -0.5684768  0.000155580162103
  16  -0.5682896  -0.5684651  0.00014629567449
  17  -0.5673992  -0.5684024  0.000150527693695
  18  -0.5686728  -0.568417422222  0.000142912665104
  19  -0.5683408  -0.568413389474  0.000135447832542
  20  -0.5678416  -0.5683848  0.00013165811482
  1  -0.5544672  -0.5544672  0
  2  -0.5550904  -0.5547788  0.000220334472958
  3  -0.5551432  -0.554900266667  0.000177236197349
  4  -0.5551008  -0.5549504  0.000139837906179
  5  -0.5543096  -0.55482224  0.000160171651959
  6  -0.5545056  -0.554769466667  0.000141904182619
  7  -0.5542824  -0.554699885714  0.000137638099037
  8  -0.5546888  -0.5546985  0.000120440311977
  9  -0.5546736  -0.554695733333  0.000107089827302
  10  -0.5544032  -0.55466648  0.000100296804294
  11  -0.5550688  -0.554703054545  9.76200937542e-05
  12  -0.5548864  -0.554718333333  9.0672865393e-05
  13  -0.5553088  -0.554763753846  9.43911493082e-05
  14  -0.555632  -0.554825771429  0.000106083869099
  15  -0.5553032  -0.5548576  0.000103676515738
  16  -0.5549904  -0.5548659  9.75284029599e-05
  17  -0.5553488  -0.554894305882  9.58389164234e-05
  18  -0.5540968  -0.55485  0.00010023390428
  19  -0.553104  -0.554758105263  0.000130450344127
  20  -0.5543712  -0.55473876  0.000125354032765
  1  -0.5419072  -0.5419072  0
  2  -0.5417552  -0.5418312  5.37401149077e-05
  3  -0.5419192  -0.541860533333  4.30950712369e-05
  4  -0.540152  -0.5414334  0.000371317694139
  5  -0.5414072  -0.54142816  0.000297091126198
  6  -0.5411768  -0.541386266667  0.000250512251462
  7  -0.5414344  -0.541393142857  0.000214819136875
  8  -0.541148  -0.5413625  0.000190139708485
  9  -0.5420304  -0.541436711111  0.000182922899815
  10  -0.5404704  -0.54134008  0.000188433150359
  11  -0.5420544  -0.541405018182  0.000182149054289
  12  -0.5404808  -0.541328  0.000182527952169
  13  -0.5411976  -0.541317969231  0.000168762734357
  14  -0.5411184  -0.541303714286  0.000157309140195
  15  -0.5411632  -0.541294346667  0.000147100516408
  16  -0.541332  -0.5412967  0.000137925557312
  17  -0.5418208  -0.541327529412  0.000133213265438
  18  -0.5417144  -0.541349022222  0.000127534582919
  19  -0.5405168  -0.541305221053  0.00012812329746
  20  -0.5413744  -0.54130868  0.000121763814276
  1  -0.5289368  -0.5289368  0
  2  -0.5286944  -0.5288156  8.57013420351e-05
  3  -0.529052  -0.5288944  8.60461891049e-05
  4  -0.5296696  -0.5290882  0.000179815321901
  5  -0.528676  -0.52900576  0.000161649481519
  6  -0.5289024  -0.528988533333  0.000135622700992
  7  -0.529512  -0.529063314286  0.000135303033184
  8  -0.5290368  -0.52906  0.000118430739267
  9  -0.5285752  -0.529006133333  0.000116881824931
  10  -0.5294832  -0.52905384  0.00011451653091
  11  -0.529076  -0.529055854545  0.000104123655383
  12  -0.5284904  -0.529008733333  0.000105571985328
  13  -0.5289112  -0.529001230769  9.77172878202e-05
  14  -0.5288112  -0.528987657143  9.16753709861e-05
  15  -0.5284032  -0.528948693333  9.34778574027e-05
  16  -0.5286136  -0.52892775  8.99510344636e-05
  17  -0.5289216  -0.528927388235  8.4660524596e-05
  18  -0.5282072  -0.528887377778  8.89103431116e-05
  19  -0.5292488  -0.5289064  8.6241734602e-05
  20  -0.5291216  -0.52891716  8.25981592994e-05
  1  -0.5157992  -0.5157992  0
  2  -0.516608  -0.5162036  0.000285953982311
  3  -0.517984  -0.516797066667  0.00052071476802
  4  -0.516356  -0.5166868  0.000402041639649
  5  -0.5163496  -0.51661936  0.000327240752494
  6  -0.515404  -0.5164168  0.000329481046501
  7  -0.5167016  -0.516457485714  0.000284913273913
  8  -0.5160136  -0.516402  0.000254644615104
  9  -0.5165152  -0.516414577778  0.000226661186102
  10  -0.5156072  -0.51633384  0.000217900705475
  11  -0.5162072  -0.516322327273  0.000198395453279
  12  -0.5172392  -0.516398733333  0.000196023886505
  13  -0.5164248  -0.516400738462  0.000180955380941
  14  -0.5172072  -0.516458342857  0.000176961371811
  15  -0.5154104  -0.51638848  0.000178422420912
  16  -0.5170136  -0.51642755  0.000171495349341
  17  -0.514916  -0.516338635294  0.000183011259695
  18  -0.5166696  -0.516357022222  0.00017376516927
  19  -0.5171808  -0.516400378947  0.000169942614989
  20  -0.5175104  -0.51645588  0.000170267415786
  1  -0.5052704  -0.5052704  0
  2  -0.5041024  -0.5046864  0.000412950360245
  3  -0.5053712  -0.504914666667  0.000332456517939
  4  -0.5049008  -0.5049112  0.000249360462006
  5  -0.5046832  -0.5048656  0.000203615072132
  6  -0.5055112  -0.5049732  0.000196059106738
  7  -0.5054032  -0.505034628571  0.00017741315522
  8  -0.5046184  -0.5049826  0.000162686738859
  9  -0.5047104  -0.504952355556  0.000147394938639
  10  -0.5046888  -0.504926  0.000134991187865
  11  -0.5051328  -0.5049448  0.000124021475049
  12  -0.5048824  -0.5049396  0.000113795313317
  13  -0.5051216  -0.5049536  0.000105899521436
  14  -0.5052296  -0.504973314286  0.000100153469432
  15  -0.5044064  -0.50493552  0.000100354622424
  16  -0.5056824  -0.5049822  0.000104375967083
  17  -0.5047464  -0.504968329412  9.91535567144e-05
  18  -0.504444  -0.5049392  9.78303293332e-05
  19  -0.5044264  -0.504912210526  9.63323856622e-05
  20  -0.5045656  -0.50489488  9.30616208812e-05
  1  -0.4922744  -0.4922744  0
  2  -0.4928296  -0.492552  0.000196292842529
  3  -0.4929408  -0.4926816  0.000168292232652
  4  -0.4933784  -0.4928558  0.000196699034105
  5  -0.4926736  -0.49281936  0.000160699176422
  6  -0.4935336  -0.4929384  0.000172459438103
  7  -0.4924104  -0.492862971429  0.000163487439122
  8  -0.4937184  -0.4929699  0.00017455153611
  9  -0.4936688  -0.493047555556  0.000171563436155
  10  -0.4930512  -0.49304792  0.000154407479614
  11  -0.4941448  -0.493147636364  0.000169538406514
  12  -0.4933256  -0.493162466667  0.000156057495332
  13  -0.4942568  -0.493246646154  0.000165204063392
  14  -0.492764  -0.493212171429  0.000156959647558
  15  -0.492384  -0.49315696  0.000155904019693
  16  -0.4933872  -0.49317135  0.000146822617783
  17  -0.4927552  -0.493146870588  0.000140211842643
  18  -0.493324  -0.493156711111  0.000132767166699
  19  -0.4940872  -0.493205684211  0.000134508726583
  20  -0.4933024  -0.49321052  0.00012787018764
  1  -0.4832152  -0.4832152  0
  2  -0.4823352  -0.4827752  0.000311126983747
  3  -0.482768  -0.4827728  0.000207427245612
  4  -0.48216  -0.4826196  0.000204462319266
  5  -0.4829304  -0.48268176  0.00017276049919
  6  -0.4830352  -0.482740666667  0.000153682086496
  7  -0.4822856  -0.482675657143  0.000144826188414
  8  -0.4807408  -0.4824338  0.000259310075017
  9  -0.4823776  -0.482427555556  0.000230573018422
  10  -0.4825992  -0.48244472  0.00020815361866
  11  -0.4825072  -0.4824504  0.000189308043179
  12  -0.4823088  -0.4824386  0.000173899744427
  13  -0.4832304  -0.482499507692  0.000170856560653
  14  -0.4814608  -0.482425314286  0.000174017509927
  15  -0.4825648  -0.482434613333  0.000162664611428
  16  -0.4816872  -0.4823879  0.000159064183194
  17  -0.4821392  -0.482373270588  0.00015037870803
  18  -0.4822688  -0.482367466667  0.000142136293475
  19  -0.4828672  -0.482393768421  0.000137067352476
  20  -0.4829728  -0.48242272  0.000133236504298
  1  -0.4709552  -0.4709552  0
  2  -0.4713168  -0.471136  0.000127844906126
  3  -0.4719448  -0.4714056  0.000236051369209
  4  -0.4728176  -0.4717586  0.000353269571314
  5  -0.4720728  -0.47182144  0.000288150485139
  6  -0.4714632  -0.471761733333  0.000246233523623
  7  -0.4728312  -0.471914514286  0.000254072099226
  8  -0.4718968  -0.4719123  0.000222322735568
  9  -0.4720296  -0.471925333333  0.000198001870541
  10  -0.4710808  -0.47184088  0.000195384157374
  11  -0.4731712  -0.471961818182  0.000211768658188
  12  -0.4726272  -0.472017266667  0.000201249573258
  13  -0.472584  -0.472060861538  0.000190432088409
  14  -0.4724792  -0.472090742857  0.000179158845729
  15  -0.4715608  -0.472055413333  0.000170662807722
  16  -0.4721608  -0.472062  0.000160123436746
  17  -0.4724264  -0.472083435294  0.000152132388363
  18  -0.4720912  -0.472083866667  0.000143681200601
  19  -0.4720048  -0.472079705263  0.000136179281661
  20  -0.4717608  -0.47206376  0.000130300490852
  1  -0.4616808  -0.4616808  0
  2  -0.4619256  -0.4618032  8.65498699349e-05
  3  -0.462096  -0.4619008  9.83859068498e-05
  4  -0.4614744  -0.4617942  0.000118184389826
  5  -0.4624832  -0.461932  0.00015533931891
  6  -0.4628152  -0.4620792  0.000186584267518
  7  -0.4620592  -0.462076342857  0.000159951246201
  8  -0.4618016  -0.462042  0.000143596866236
  9  -0.4631664  -0.462166933333  0.000173684976616
  10  -0.462404  -0.46219064  0.000157926080908
  11  -0.4623576  -0.462205818182  0.000144296704073
  12  -0.4624024  -0.4622222  0.000133198636104
  13  -0.4618112  -0.462190584615  0.000126649058894
  14  -0.46216  -0.4621884  0.000117621537654
  15  -0.4614992  -0.462142453333  0.000118414640934
  16  -0.4623872  -0.46215775  0.000111997370927
  17  -0.4618656  -0.462140564706  0.000106719633636
  18  -0.4624096  -0.462155511111  0.000101832030933
  19  -0.4616376  -0.462128252632  0.000100054244388
  20  -0.462888  -0.46216624  0.000102008244367
  1  -0.4526768  -0.4526768  0
  2  -0.4520936  -0.4523852  0.000206192337406
  3  -0.4523192  -0.4523632  0.000138630251586
  4  -0.45238  -0.4523674  0.000104036291715
  5  -0.4515416  -0.45220224  0.000169556281161
  6  -0.4525336  -0.452257466667  0.000150021558912
  7  -0.4527728  -0.452331085714  0.000145536512591
  8  -0.4528344  -0.452394  0.00014028556589
  9  -0.4527648  -0.4524352  0.00013060818039
  10  -0.452248  -0.45241648  0.000118881356654
  11  -0.4523136  -0.452407127273  0.000108441239037
  12  -0.453172  -0.452470866667  0.000116642186297
  13  -0.4527504  -0.452492369231  0.000109633756814
  14  -0.4528224  -0.452515942857  0.000104306407772
  15  -0.45266  -0.452525546667  9.77937738669e-05
  16  -0.4519664  -0.4524906  9.77264933293e-05
  17  -0.4524608  -0.452488847059  9.19935961766e-05
  18  -0.4525048  -0.452489733333  8.68871099628e-05
  19  -0.4520544  -0.452466821053  8.52816170932e-05
  20  -0.4516488  -0.45242592  9.02944764893e-05
