0.100784   0.420997   0.33366
-0.491118   -0.0794979   0.00628925
0.409181   -0.198451   -0.340751
0.470803   -0.099695   0.160995
0.305719   0.0714482   -0.499639
-0.358751   -0.387833   0.244631
0.303079   -0.178679   0.243638
-0.0775081   -0.247222   -0.113876
-0.299634   0.0578268   -0.0834947
0.323838   -0.191069   -0.113267
0.239826   -0.417082   -0.246959
-0.0775462   0.0366624   0.376583
0.380625   0.463406   0.0613923
-0.362804   0.329367   0.25372
-0.292869   -0.498232   -0.489724
0.119011   -0.163198   0.176918
-0.218928   -0.165307   0.17096
0.300304   -0.0246773   -0.399302
-0.146481   -0.135343   -0.297659
-0.111555   0.163731   0.435535
-0.485217   -0.0026739   0.224118
-0.0236964   0.295996   -0.113382
0.354406   0.0352984   0.245138
-0.399465   -0.234264   0.292184
-0.464859   0.0371201   0.11263
0.338789   -0.15113   -0.334658
0.0454186   0.0695138   0.467903
-0.370489   -0.118843   -0.438274
0.293585   -0.101266   -0.284081
0.0223196   0.378396   -0.332371
-0.231785   -0.119467   -0.342204
-0.00802962   0.389948   0.396614
-0.496149   -0.0648812   -0.498085
-0.21838   -0.107817   -0.485751
-0.307452   -0.374679   0.334752
0.451143   -0.304642   0.276335
0.472453   -0.263894   0.452227
0.200387   0.473975   -0.47879
0.33109   -0.117656   -0.0548235
0.323469   0.145234   -0.3061
0.419972   -0.0743066   -0.210181
-0.39121   0.00652614   0.268356
0.00250831   0.300318   0.329403
0.17333   0.0845058   -0.103952
-0.324033   0.111702   -0.492996
-0.166436   -0.176849   0.092934
0.360662   -0.132102   -0.232445
-0.132955   0.318012   -0.372138
-0.408254   0.0847922   0.166349
-0.0791672   -0.0154749   -0.471204
-0.106355   0.257049   -0.109614
-0.338383   0.0162788   0.0116
0.264336   -0.34437   -0.288273
-0.453277   0.213607   0.264501
0.42061   -0.341824   -0.253718
0.289881   -0.288431   0.367869
0.0419834   -0.224016   -0.17966
0.411566   -0.183006   0.471365
-0.425435   0.082232   -0.20188
0.184668   -0.24707   -0.0104376
-0.292418   0.228964   -0.258354
-0.0778396   -0.418445   -0.325945
0.0992425   0.116478   -0.472306
-0.462538   0.291522   -0.278418
0.0743517   -0.424534   0.411766
-0.4802   -0.262558   0.309623
-0.380309   -0.326072   0.325701
-0.388078   -0.047871   -0.0434056
0.296803   -0.0533555   0.472202
0.397294   -0.272095   0.0876678
0.299047   0.0920448   -0.232322
-0.0627416   0.106752   -0.48694
0.021205   0.0228489   -0.368174
0.033655   -0.0629853   -0.461094
-0.245775   -0.251253   0.24279
0.261733   -0.243445   -0.368955
-0.00573545   0.473014   0.479808
-0.147194   0.356189   0.049687
0.428425   0.129017   0.184574
-0.0137745   0.38915   -0.123236
0.321089   0.434942   -0.155286
0.474996   0.341506   0.0177337
-0.146569   0.0964862   0.497729
0.17649   -0.286471   -0.19031
0.261867   0.481425   0.462125
0.414807   -0.130617   -0.296611
0.33011   -0.34739   0.195146
-0.440113   -0.210361   0.183869
0.245248   -0.263916   -0.144849
-0.0303516   -0.252642   0.459943
0.246803   0.0231606   -0.44375
-0.0916517   0.195507   0.0826849
0.302346   0.239643   -0.10799
-0.058277   0.295577   0.104461
0.243968   0.499155   0.379986
-0.107946   -0.111426   0.429437
-0.277028   -0.42848   -0.411194
0.204858   0.166085   -0.126301
-0.278772   -0.226771   0.0757824
-0.0533516   -0.0955008   0.325749
-0.480225   0.437805   0.126224
0.0385306   -0.351212   0.12477
0.100993   -0.000750223   -0.380974
-0.296783   0.156807   -0.409058
-0.175482   0.199009   0.341524
0.232972   0.493602   0.191752
-0.218848   -0.106347   0.0909265
-0.382354   -0.161188   0.3729
