  0.129266081402  0  0
  0.193899122103  0  0
  0.258532162804  0  0
  0.323165203505  0  0
  0.387798244206  0  0
  0.452431284907  0  0
  0.517064325608  0  0
  0.581697366309  0  0
  0.64633040701  0  0
  0.710963447711  0  0
  0.775596488411  0  0
  0.840229529112  0  0
  0.904862569813  0  0
  0.969495610514  0.000740348502137  7.34220679978e-05
  1.03412865122  0.113808077812  0.000811706083376
  1.09876169192  0.835200515787  0.00237523295098
  1.16339473262  1.62291346657  0.00438188439913
  1.22802777332  1.82199900128  0.00447897908593
  1.29266081402  1.69741276527  0.00413749937209
  1.35729385472  1.50864073692  0.00289899974375
  1.42192689542  1.34560147651  0.00308626790513
  1.48655993612  1.21972108586  0.00286404098123
  1.55119297682  1.12747252302  0.00221485869482
  1.61582601752  1.06166407757  0.00217264983433
  1.68045905822  1.0155075796  0.00205376318567
  1.74509209893  0.988267311771  0.00185230719544
  1.80972513963  0.962227461667  0.00165503357615
  1.87435818033  0.948740537957  0.00178243616042
  1.93899122103  0.939294193663  0.00153580129645
  2.00362426173  0.935635990236  0.00138051023858
  2.06825730243  0.934717292654  0.00153832996153
  2.13289034313  0.935126059914  0.00135036961251
  2.19752338383  0.936762306116  0.00135190044403
  2.26215642453  0.936317124008  0.00136121193895
  2.32678946523  0.936158220239  0.00131026324213
  2.39142250594  0.934536212667  0.00138275439161
  2.45605554664  0.931696669693  0.00129269598022
  2.52068858734  0.930330862582  0.00111234891762
  2.58532162804  0.928009541898  0.00116285205989
  2.64995466874  0.925093866289  0.00118144022821
  2.71458770944  0.923271069447  0.00114134970824
  2.77922075014  0.923873521622  0.00110808447207
  2.84385379084  0.921820899808  0.00102269820683
  2.90848683154  0.921237094279  0.000999105533321
  2.97311987224  0.920760547445  0.00103296361995
  3.03775291294  0.920133155889  0.00101724892688
  3.10238595365  0.92045398102  0.000958627103701
  3.16701899435  0.921415218698  0.00102772465584
  3.23165203505  0.922951053852  0.000998771573811
  3.29628507575  0.920881523493  0.000832987999667
  3.36091811645  0.922326913403  0.000911629065759
  3.42555115715  0.922856670086  0.000840784376467
  3.49018419785  0.922539819936  0.000837813307593
  3.55481723855  0.924449170355  0.000822439412484
  3.61945027925  0.924286321836  0.000775727004626
  3.68408331995  0.923899384736  0.000781742294707
  3.74871636066  0.925636352278  0.000706838315819
  3.81334940136  0.925070612741  0.000749880065181
  3.87798244206  0.927808431337  0.000806898323254
  3.94261548276  0.927127770761  0.000675459183991
  4.00724852346  0.927802333544  0.00071218194229
  4.07188156416  0.928589677923  0.000789916002374
  4.13651460486  0.928771563449  0.000697145423337
  4.20114764556  0.930809615594  0.000724374002415
  4.26578068626  0.92945820107  0.000689003373914
  4.33041372696  0.931913534099  0.000620055980397
  4.39504676767  0.931816463594  0.000646933072279
  4.45967980837  0.933085968453  0.000595585197181
  4.52431284907  0.933061481674  0.000601600881267
  4.58894588977  0.932641079994  0.000589845708489
  4.65357893047  0.934449918029  0.000608025186127
  4.71821197117  0.934917757176  0.000572176613832
  4.78284501187  0.935524262642  0.000545887397877
  4.84747805257  0.934912919187  0.000584247165113
  4.91211109327  0.937100399571  0.000487209177569
  4.97674413397  0.936217702872  0.00062364465042
  5.04137717467  0.93668966167  0.000582890924066
  5.10601021538  0.937111198761  0.000591950222007
  5.17064325608  0.938163277291  0.000544844607759
  5.23527629678  0.938582283343  0.000460767846797
  5.29990933748  0.939601785835  0.000521482213661
  5.36454237818  0.939787642904  0.000544201223814
  5.42917541888  0.941028856808  0.000515440763851
  5.49380845958  0.941081992015  0.000444841267845
  5.55844150028  0.940812874279  0.000437962170445
  5.62307454098  0.942238762541  0.000492544166853
  5.68770758168  0.941732898924  0.000444225903169
  5.75234062239  0.941807783084  0.000500922347027
  5.81697366309  0.943120145132  0.000460079681264
  5.88160670379  0.943994141813  0.0004870947896
  5.94623974449  0.943413547454  0.000501376328446
  6.01087278519  0.944671853425  0.000468235186054
  6.07550582589  0.945118896307  0.000414080942729
  6.14013886659  0.944656735271  0.000475189346963
  6.20477190729  0.945122018456  0.000447207268556
  6.26940494799  0.945668007737  0.000447127594973
  6.33403798869  0.946601623624  0.00050360294922
  6.39867102939  0.94694708445  0.000465223136827
  6.4633040701  0.947326596527  0.000432742171896
  6.5279371108  0.947222266132  0.000385429666292
