  1  0.0489752654807  0
  2  0.048999463135  1.71103254069e-05
  3  0.0490083976172  1.35400754045e-05
  4  0.049042422909  3.11675397638e-05
  5  0.0491432643926  9.35783617738e-05
  6  0.0490569520925  0.000110857408297
  7  0.0490446004434  9.57062677864e-05
  8  0.0491308383065  0.000116276546764
  9  0.0490787520497  0.000114429852756
  10  0.0490897350884  0.000103512604538
  11  0.04908080364  9.44869012087e-05
  12  0.0490912302712  8.71863842624e-05
  13  0.0491179709801  8.44810565526e-05
  14  0.0490821180691  8.57175520403e-05
  15  0.0490839587908  8.00228102056e-05
  16  0.0490826769502  7.50316504087e-05
  17  0.0490774158644  7.08022326428e-05
  18  0.0490549078645  7.03555126746e-05
  19  0.0490344699913  6.95578175221e-05
  20  0.0490453906164  6.69317096319e-05
  21  0.0490300842412  6.54712769126e-05
  22  0.0490385535591  6.30407222802e-05
  23  0.0490373524162  6.03112631807e-05
  24  0.0490371054413  5.7798799561e-05
  25  0.0490082910636  6.22563079686e-05
  26  0.0490153229087  6.02576491655e-05
  27  0.0490130066337  5.80703855628e-05
  28  0.0490363909808  6.05218950351e-05
  29  0.0490374708594  5.84445663597e-05
  30  0.0490313878812  5.68120939099e-05
  31  0.0490281995404  5.50688391829e-05
  32  0.0490223106882  5.36618799376e-05
  33  0.0490118200049  5.30512961084e-05
  34  0.0490104287842  5.15092023721e-05
  35  0.0489857181986  5.564997256e-05
  36  0.0490041071499  5.70615311551e-05
  37  0.0490070968877  5.55975960674e-05
  38  0.0490229213991  5.63415436018e-05
  39  0.0490230709181  5.48970870337e-05
  40  0.0490265562328  5.36351838473e-05
  41  0.0490243932569  5.23706042376e-05
  42  0.0490422228419  5.40736198961e-05
  43  0.0490438237394  5.28397865356e-05
  44  0.0490361545517  5.21924694515e-05
  45  0.0490373221464  5.10456952225e-05
  46  0.049031798349  5.02339898964e-05
  47  0.0490288041787  4.92543337402e-05
  48  0.0490337296444  4.8473851089e-05
  49  0.0490431579122  4.83928123025e-05
  50  0.0490373701575  4.77698084515e-05
  51  0.0490371815418  4.6833517907e-05
  52  0.0490351459911  4.59770881741e-05
  53  0.0490307142639  4.53226795619e-05
  54  0.0490383521457  4.51223579382e-05
  55  0.0490353125782  4.44042102711e-05
  56  0.0490249753967  4.47983561876e-05
  57  0.0490228126093  4.40645970103e-05
  58  0.0490294163776  4.37969061224e-05
  59  0.0490216368356  4.37400598618e-05
  60  0.0490214439379  4.30114842104e-05
  61  0.049017571575  4.24803364372e-05
  62  0.0490193398559  4.18319566465e-05
  63  0.0490245110847  4.14863573802e-05
  64  0.0490267058847  4.08961488378e-05
  65  0.0490270981684  4.02688587036e-05
  66  0.0490258701446  3.96774447371e-05
  67  0.0490195772134  3.9581134745e-05
  68  0.0490206826499  3.9014492701e-05
  69  0.0490165078465  3.86717857054e-05
  70  0.0490172540147  3.81265295643e-05
  71  0.0490212029458  3.77934869072e-05
  72  0.0490170108985  3.75003472772e-05
  73  0.0490287223599  3.87723003374e-05
  74  0.0490306431456  3.82958987834e-05
  75  0.0490371287543  3.83305384529e-05
  76  0.0490362843033  3.78354900693e-05
  77  0.0490336067411  3.74387437671e-05
  78  0.0490331081304  3.69620799821e-05
  79  0.0490319196599  3.65133074621e-05
  80  0.0490265985269  3.64425564857e-05
  81  0.0490330133037  3.6552866962e-05
  82  0.049029064622  3.6319755395e-05
  83  0.0490313058785  3.59512543436e-05
  84  0.0490310927852  3.5523894747e-05
  85  0.0490332538522  3.51716385219e-05
  86  0.0490297999344  3.49318447657e-05
  87  0.0490312610422  3.45608729605e-05
  88  0.0490260427635  3.45598393793e-05
  89  0.0490215801388  3.44584457524e-05
  90  0.0490176389427  3.43002214216e-05
  91  0.0490206690817  3.40568766865e-05
  92  0.0490173541669  3.38476368505e-05
  93  0.0490128958587  3.37760250005e-05
  94  0.0490067226027  3.39761664388e-05
  95  0.0490044030825  3.36976052706e-05
  96  0.0490019188205  3.34380358046e-05
  97  0.0489965792834  3.35169233248e-05
  98  0.0489974639738  3.31865876982e-05
  99  0.0489999402725  3.29436276489e-05
  100  0.0490033977515  3.27951230797e-05
