  1  -0.417266025488  0
  2  -0.414972852639  0.00162151807228
  3  -0.413882035327  0.00140065769778
  4  -0.414127283041  0.00107174901356
  5  -0.413589953778  0.000982909759781
  6  -0.413799028392  0.000841033684833
  7  -0.413765314695  0.000721561423239
  8  -0.413082661067  0.000897990709325
  9  -0.412747685911  0.000858420813255
  10  -0.41286855769  0.00078104217904
  11  -0.412832345458  0.000710877320713
  12  -0.41234798122  0.000799805900209
  13  -0.412387820056  0.000739273902368
  14  -0.413100339276  0.000970906634767
  15  -0.41338380461  0.000946655739344
  16  -0.413360504404  0.000887776455385
  17  -0.413614628647  0.000871166668916
  18  -0.413654431328  0.000823677289906
  19  -0.41371901174  0.00078285347329
  20  -0.413591242128  0.000754065364366
  21  -0.41348154771  0.000726092316359
  22  -0.413315687765  0.000711779622445
  23  -0.413428651038  0.000689738377449
  24  -0.413411079966  0.000661223051871
  25  -0.413452474419  0.000636068515586
  26  -0.413435574904  0.000611828799799
  27  -0.413478418162  0.000590666616835
  28  -0.41340679919  0.000573896895157
  29  -0.413437643572  0.000554935601579
  30  -0.413549432162  0.000547581583246
  31  -0.413694003356  0.000548670517971
  32  -0.413710455517  0.000531771170252
  33  -0.413720327549  0.000515748518571
  34  -0.413450258087  0.000566896881029
  35  -0.413415326615  0.000551774994343
  36  -0.413355470145  0.000539684756358
  37  -0.413343927333  0.00052522210657
  38  -0.413385658691  0.000513055669628
  39  -0.413637726926  0.000558399150681
  40  -0.413617494169  0.000544805600446
  41  -0.413599892973  0.000531801906478
  42  -0.413693274454  0.000527274855973
  43  -0.413549972731  0.000534130926311
  44  -0.413637060425  0.000529043583877
  45  -0.413789834695  0.000538894436662
  46  -0.413993628654  0.000564399827611
  47  -0.414032891179  0.000553755287226
  48  -0.413979565611  0.000544780242993
  49  -0.413997415499  0.000533954627232
  50  -0.414137584976  0.00054136107909
  51  -0.414053654052  0.000537212952751
  52  -0.41408588174  0.000527847727263
  53  -0.414059553052  0.000518544549045
  54  -0.414133189464  0.000514143693084
  55  -0.41405786236  0.000510283871753
  56  -0.414036909195  0.000501601662465
  57  -0.413949695042  0.000500326207811
  58  -0.413921845405  0.000492474380533
  59  -0.413898808036  0.000484665888015
  60  -0.413908012765  0.00047667552287
  61  -0.413905790593  0.000468866349685
  62  -0.413785829674  0.000476403070601
  63  -0.413838930501  0.000471791197328
  64  -0.413829922363  0.000464505450291
  65  -0.413832972757  0.000457369228411
  66  -0.413872254548  0.000452123130256
  67  -0.413890000556  0.000445723156606
  68  -0.413922752715  0.000440370090078
  69  -0.413824303464  0.00044485649139
  70  -0.413871941141  0.000441044675412
  71  -0.413914924845  0.000436922329041
  72  -0.413992870283  0.000437751353116
  73  -0.413892861787  0.000443031445605
  74  -0.413878672223  0.00043727170926
  75  -0.413845577017  0.000432692023825
  76  -0.413821332505  0.000427677400145
  77  -0.413860569681  0.000423919230459
  78  -0.413858662914  0.000418488656775
  79  -0.414027843681  0.000446079481008
  80  -0.413971580985  0.000444037436289
  81  -0.413959328294  0.000438724509386
  82  -0.414022780883  0.000437938736575
  83  -0.41405323572  0.000433720008321
  84  -0.414103613998  0.000431472572261
  85  -0.414056648911  0.000428944845501
  86  -0.414000152789  0.000427661469884
  87  -0.414002999633  0.000422755296086
  88  -0.41413130954  0.000436989247644
  89  -0.41408007336  0.000435072561386
  90  -0.414138552243  0.000434150759206
  91  -0.414134475603  0.000429399010973
  92  -0.414198351505  0.000429456330136
  93  -0.414279663265  0.000432467661318
  94  -0.414285730334  0.000427909496716
  95  -0.414246632323  0.000425187623376
  96  -0.414251004495  0.000420781064383
  97  -0.414255951549  0.000416472195103
  98  -0.414320202478  0.000417149169509
  99  -0.414361638482  0.000414988386634
  100  -0.414371172546  0.00041094800736
