0.0363249   0.338283   0.146332
0.367137   -0.32669   -0.225017
-0.449437   -0.451327   0.371232
-0.448718   0.101605   -0.458074
0.249489   -0.390171   -0.0689487
-0.166384   0.396378   -0.391321
-0.37247   -0.296031   0.00291233
-0.337329   -0.202594   -0.380378
-0.382656   -0.460881   -0.394127
-0.0507369   -0.0572873   0.131564
0.435448   0.444968   -0.263503
-0.403001   0.492305   0.0928308
-0.0604965   -0.420294   -0.311465
0.103491   -0.0523502   -0.133695
0.335355   0.438311   0.132598
-0.374092   -0.155477   0.420389
0.286916   -0.145066   0.0301602
0.00401813   0.107615   0.235645
0.43268   0.0897862   -0.0390532
-0.164336   -0.272662   0.0903779
-0.102249   -0.33918   -0.0917841
0.269869   0.0662403   -0.188876
0.428936   -0.474791   -0.0275274
0.279191   0.250507   0.068417
0.150693   -0.427326   -0.313345
0.0691239   -0.274462   -0.211926
-0.397214   0.143534   0.2587
-0.16908   0.454974   0.241592
-0.322851   0.358189   0.225075
-0.14813   0.238124   -0.205806
0.03885   0.498084   0.302532
0.379625   0.431078   0.316608
0.0642956   0.0256923   0.493977
-0.343156   0.0165874   0.0135869
-0.100229   0.117534   -0.39336
-0.0712926   0.149347   0.0539197
0.0360888   -0.286934   0.337506
0.352349   -0.121047   0.23426
-0.301341   -0.377934   0.226151
0.0488887   -0.462726   -0.121679
-0.296826   0.437417   0.454533
0.259084   0.433786   -0.155992
-0.100371   0.389057   0.42473
-0.303576   -0.125387   0.184295
-0.493167   -0.0997884   -0.095043
-0.016801   -0.423365   0.109909
0.178574   0.0394225   0.0400732
0.444832   0.270924   0.239675
0.0454909   0.129852   -0.199595
-0.250862   0.310075   0.0277051
-0.15126   -0.225502   0.28388
-0.406398   0.192255   -0.126876
0.313831   0.303809   -0.293805
0.225047   0.360843   -0.466711
0.485479   -0.0490342   0.104327
0.420942   -0.27884   -0.0205219
-0.396892   -0.284881   -0.179108
-0.107103   -0.194513   -0.47555
0.24466   0.0449601   -0.394264
0.0638894   -0.349103   -0.48805
0.263651   -0.304406   -0.416058
-0.26792   0.0664061   0.468927
0.373016   0.218421   -0.49499
-0.484692   0.239822   -0.32471
-0.110467   -0.391197   0.435733
-0.417143   0.223026   0.0738742
0.41663   0.0853006   0.326106
0.12776   0.208145   -0.0450047
0.199216   0.128207   0.367735
0.176564   -0.314964   0.12509
0.149064   -0.143543   0.440564
0.0870799   0.328338   0.357425
0.421103   -0.146983   -0.356709
-0.134354   0.252832   0.196432
0.387605   -0.37965   0.17397
0.127849   -0.105188   0.234421
0.155296   0.426326   0.00848855
-0.207058   0.08152   0.267891
-0.215802   -0.474443   0.0429969
0.0730012   0.226704   -0.410617
0.177356   -0.120117   -0.302218
0.0340306   0.438422   -0.424613
0.242092   -0.268933   0.32925
0.225627   -0.454698   0.452015
0.365278   -0.0996709   0.429765
-0.0984388   -0.150248   -0.11113
-0.305769   -0.12935   -0.123146
0.0383114   -0.23621   0.0162117
0.0319895   0.344476   -0.232595
-0.352921   -0.497295   -0.111247
-0.495662   -0.26036   0.295627
-0.291441   0.235134   -0.402554
0.474549   -0.31852   0.497917
-0.491202   0.0609896   -0.25721
-0.269867   0.256745   0.381616
-0.185282   -0.251851   -0.249175
-0.282925   -0.313002   0.454873
-0.351038   0.382364   -0.267355
-0.289062   0.0245222   -0.316723
-0.0695597   0.180325   0.418902
0.443367   0.468188   -0.486902
-0.0694959   0.365507   -0.0275517
0.350765   0.0885172   0.152026
-0.0204656   -0.0605235   -0.315942
0.421235   0.315751   -0.0895366
-0.0929778   -0.0476753   0.390616
-0.161205   0.45068   -0.194227
-0.459828   0.326258   0.441655
