  0.0461328575897  0  0
  0.0691992863846  0  0
  0.0922657151794  0  0
  0.115332143974  0  0
  0.138398572769  0  0
  0.161465001564  0  0
  0.184531430359  0  0
  0.207597859154  0  0
  0.230664287949  0  0
  0.253730716743  0  0
  0.276797145538  0  0
  0.299863574333  0  0
  0.322930003128  0  0
  0.345996431923  0  0
  0.369062860718  0  0
  0.392129289513  0  0
  0.415195718307  0  0
  0.438262147102  0  0
  0.461328575897  0  0
  0.484395004692  0  0
  0.507461433487  0  0
  0.530527862282  0  0
  0.553594291077  0  0
  0.576660719871  0  0
  0.599727148666  0  0
  0.622793577461  0  0
  0.645860006256  0  0
  0.668926435051  0  0
  0.691992863846  0  0
  0.715059292641  0  0
  0.738125721435  0  0
  0.76119215023  0  0
  0.784258579025  0  0
  0.80732500782  0  0
  0.830391436615  0  0
  0.85345786541  0  0
  0.876524294205  0  0
  0.899590722999  0  0
  0.922657151794  8.18531898662e-05  1.18242789424e-05
  0.945723580589  0.00305803687862  7.28134824046e-05
  0.968790009384  0.0426073602585  0.000277015019172
  0.991856438179  0.266032374878  0.00085045559553
  1.01492286697  0.916560615302  0.00178232134367
  1.03798929577  2.04462293076  0.00234624074977
  1.06105572456  3.32079666611  0.00196366699631
  1.08412215336  4.23904038097  0.00219734008453
  1.10718858215  4.50530178349  0.00322669814912
  1.13025501095  4.13689982828  0.00314828105648
  1.15332143974  3.37770315097  0.00261641356973
  1.17638786854  2.48997905216  0.00172244620577
  1.19945429733  1.68191692781  0.00121532245969
  1.22252072613  1.04535383814  0.00115111539584
  1.24558715492  0.607037340239  0.00109241778243
  1.26865358372  0.326986723464  0.000931238890577
  1.29172001251  0.166543932174  0.000731973129773
  1.31478644131  0.0820550428352  0.000512852606242
  1.3378528701  0.0451610135464  0.000418806709274
  1.3609192989  0.0389552684082  0.000395631799659
  1.38398572769  0.0558071738777  0.000456910221191
  1.40705215649  0.097890828965  0.000526410403331
  1.43011858528  0.171146850233  0.000627090900682
  1.45318501408  0.28005097986  0.000626536024098
  1.47625144287  0.42574566368  0.000630558875157
  1.49931787167  0.590853476993  0.000558720002011
  1.52238430046  0.751717678037  0.000793789275122
  1.54545072926  0.869233673748  0.00117899265187
  1.56851715805  0.916458644886  0.00138936307734
  1.59158358685  0.878892448255  0.00117235723937
  1.61465001564  0.765051925073  0.000822516033184
  1.63771644443  0.605679565044  0.000616736389794
  1.66078287323  0.440148677527  0.000536216594528
  1.68384930202  0.298403015809  0.000623026431326
  1.70691573082  0.20613200797  0.000746301667438
  1.72998215961  0.18056363707  0.000831748825157
  1.75304858841  0.239909508481  0.00102101439128
  1.7761150172  0.410657851203  0.00115703919254
  1.799181446  0.710254203943  0.00126491936742
  1.82224787479  1.13691260881  0.000961487804178
  1.84531430359  1.64247995063  0.000731353251198
  1.86838073238  2.12782863654  0.00113183859172
  1.89144716118  2.47468922307  0.00194272805373
  1.91451358997  2.58921466149  0.00241253942467
  1.93758001877  2.44173866814  0.00225343307077
  1.96064644756  2.08213153036  0.0015417772718
  1.98371287636  1.61348662003  0.000912002658573
  2.00677930515  1.14534836057  0.000768666314166
  2.02984573395  0.765048914102  0.0011144302745
  2.05291216274  0.51640410981  0.00127634997685
  2.07597859154  0.413411737443  0.00125679219297
  2.09904502033  0.439316808247  0.00103692844342
  2.12211144913  0.560275261148  0.000794010964216
  2.14517787792  0.726298582681  0.000479710472174
  2.16824430672  0.879081534699  0.000613363325025
  2.19131073551  0.972789842063  0.000836004238935
  2.21437716431  0.981000678032  0.000937954131462
  2.2374435931  0.88351962587  0.000746568218201
  2.2605100219  0.749311289413  0.000547278197653
  2.28357645069  0.626761279129  0.000624143134229
  2.30664287949  0.547917266804  0.000997277459144
  2.32970930828  0.548579492569  0.00124143109077
