  1  -7.55491147322  0
  2  -7.55302349503  0.00133500218569
  3  -7.55492468307  0.00178935181585
  4  -7.55616713522  0.00172010659556
  5  -7.55162766957  0.00428707468396
  6  -7.55365504585  0.00402348270252
  7  -7.55294442864  0.00351089236887
  8  -7.55109377872  0.00352621119346
  9  -7.55011153694  0.0032683519963
  10  -7.55114719406  0.00310126557573
  11  -7.550778805  0.00284112795026
  12  -7.54961626128  0.0028322449082
  13  -7.54958366526  0.00261456748073
  14  -7.54998044126  0.00245773481603
  15  -7.54943613384  0.00235338721544
  16  -7.55001205957  0.00227568050196
  17  -7.55102149702  0.00235508061948
  18  -7.55192432239  0.00239103883998
  19  -7.55195388879  0.00226537748486
  20  -7.55172300092  0.00216384269859
  21  -7.55112047153  0.00214304950865
  22  -7.55085042038  0.00206258290586
  23  -7.5503092883  0.00204265712413
  24  -7.5498903949  0.00200003707658
  25  -7.55006572817  0.00192770557019
  26  -7.55067532337  0.00194756507944
  27  -7.55101848364  0.00190542557293
  28  -7.55160998089  0.00192699748677
  29  -7.55151226539  0.00186302516277
  30  -7.55115719692  0.00183444803135
  31  -7.55062233689  0.00185160436426
  32  -7.55046096467  0.00180076000601
  33  -7.54973571225  0.00188659395857
  34  -7.55007650852  0.00186163234024
  35  -7.55006166836  0.00180850199356
  36  -7.55037234105  0.00178475073772
  37  -7.54981702848  0.00182085676301
  38  -7.54909967643  0.00190902236854
  39  -7.54946860728  0.0018953869854
  40  -7.54946253677  0.00184801203202
  41  -7.54941524786  0.00180354350586
  42  -7.5493782226  0.00176098200192
  43  -7.54902504308  0.00175508816433
  44  -7.54869469533  0.00174601253179
  45  -7.54834627698  0.00174162893587
  46  -7.5484342403  0.00170598734375
  47  -7.54790195158  0.00175076177094
  48  -7.54783139841  0.00171570857378
  49  -7.54782638813  0.00168070142879
  50  -7.54802555027  0.00165884572867
  51  -7.54752244849  0.00170090065357
  52  -7.54796870496  0.0017257393869
  53  -7.54808406845  0.00169702983703
  54  -7.54822017608  0.00167105259444
  55  -7.54830296761  0.00164271947396
  56  -7.54804745279  0.00163313617521
  57  -7.5481097628  0.00160567289879
  58  -7.54809566089  0.00157805080747
  59  -7.54833947127  0.00157002568592
  60  -7.54845145432  0.00154784706886
  61  -7.54831832852  0.00152818668373
  62  -7.54833463331  0.0015036254898
  63  -7.54844502292  0.00148380504695
  64  -7.54839012456  0.00146163581505
  65  -7.54825943134  0.00144498031082
  66  -7.54837921743  0.00142804305701
  67  -7.54827127988  0.00141080227332
  68  -7.54818485497  0.00139269983485
  69  -7.54839468291  0.00138823241761
  70  -7.54840476135  0.00136843710971
  71  -7.54838078175  0.00134937343265
  72  -7.54852383908  0.00133819394578
  73  -7.54820656798  0.00135695213878
  74  -7.54802638227  0.00135052513009
  75  -7.5481005009  0.00133455044332
  76  -7.54793643196  0.00132703752176
  77  -7.54795308704  0.00130990777944
  78  -7.54802545339  0.00129511150089
  79  -7.54814861847  0.00128456083189
  80  -7.54821561991  0.00127024998456
  81  -7.54798686448  0.00127499944646
  82  -7.5478348643  0.00126847873237
  83  -7.54767597383  0.00126310801793
  84  -7.54778473483  0.0012527447461
  85  -7.54777023005  0.00123809054069
  86  -7.54785100735  0.0012263264028
  87  -7.54782222636  0.00121256838436
  88  -7.54797338915  0.00120817468476
  89  -7.54789433855  0.00119718302629
  90  -7.54785437844  0.00118454770844
  91  -7.54804844357  0.00118732118643
  92  -7.54807113275  0.00117463229131
  93  -7.54823660219  0.00117359873641
  94  -7.54842419021  0.00117601012044
  95  -7.54811192196  0.00120437630358
  96  -7.5481345385  0.00119204305207
  97  -7.54801823721  0.00118541382039
  98  -7.54802098673  0.00117332094964
  99  -7.54812328787  0.00116592048063
  100  -7.54806999733  0.00115547850508
