  1  7.54535642583  0
  2  7.55908129151  0.00970494559605
  3  7.54908480034  0.01041538867
  4  7.54194949496  0.00996015149379
  5  7.56572950482  0.0227130370163
  6  7.55460588072  0.0214793839513
  7  7.55800193119  0.0186774415541
  8  7.56761108629  0.0186515341958
  9  7.57342298659  0.0174611851426
  10  7.56841463239  0.0164176298456
  11  7.57036945532  0.0150410467505
  12  7.57684810735  0.0151186581297
  13  7.57712824887  0.0139582796304
  14  7.57474438878  0.013163249118
  15  7.57772422989  0.0126184743047
  16  7.57477881886  0.012168724828
  17  7.56900707874  0.0127484397345
  18  7.56406528491  0.0129626708433
  19  7.56376624549  0.0122838738363
  20  7.56484006028  0.0117165207702
  21  7.56822130297  0.0116362597419
  22  7.56989036309  0.0112264024677
  23  7.57322197611  0.0112217688559
  24  7.57544923986  0.0109729996448
  25  7.5746128652  0.0105659062993
  26  7.57119518395  0.0106980020334
  27  7.56937146116  0.0104560722373
  28  7.56617285194  0.0105605566045
  29  7.56669818443  0.010209457392
  30  7.5685944115  0.0100436939358
  31  7.57142124752  0.010109691872
  32  7.57235044649  0.0098363734397
  33  7.57648852561  0.0103722704699
  34  7.57461638337  0.0102347653096
  35  7.57479556153  0.00994391173947
  36  7.57310061318  0.00981108131274
  37  7.57614100873  0.0100059331198
  38  7.58014671516  0.0105138982249
  39  7.57818616133  0.0104255034789
  40  7.57813677192  0.0101649828791
  41  7.57843181525  0.0099213374282
  42  7.57869696515  0.0096886575549
  43  7.580674105  0.00966296930955
  44  7.58246724255  0.00960829047477
  45  7.58435599269  0.00957861472609
  46  7.5838817563  0.00938211632805
  47  7.5868509265  0.00964088408247
  48  7.5871436262  0.00944447450442
  49  7.58722075521  0.00925204506134
  50  7.58611066806  0.0091333571079
  51  7.58889211612  0.00936823032338
  52  7.58649202072  0.0094905399143
  53  7.58579080266  0.00933734228811
  54  7.58490351235  0.00920648984515
  55  7.58445312462  0.00905010905214
  56  7.5857133248  0.00897581066335
  57  7.58532546915  0.0088267161794
  58  7.58543880148  0.00867525896338
  59  7.58400988269  0.00864509976117
  60  7.58334907945  0.00852623218459
  61  7.58421149455  0.00842996102599
  62  7.58415081593  0.00829421229129
  63  7.58355614028  0.00818384878894
  64  7.58389069547  0.00806281154854
  65  7.58463533568  0.00797307973565
  66  7.58400621379  0.0078770570621
  67  7.58464543743  0.00778538236108
  68  7.58510458874  0.00768441898759
  69  7.58397246523  0.0076559926564
  70  7.5839127863  0.00754685392958
  71  7.58402776887  0.00744143608797
  72  7.58323125763  0.00738058791188
  73  7.58491023788  0.00746801482325
  74  7.58579191552  0.00741895880705
  75  7.58538570441  0.00733115158413
  76  7.58622124664  0.00728214739828
  77  7.58621290675  0.00718757883108
  78  7.58579717706  0.00710744312168
  79  7.58511896746  0.00704975943569
  80  7.58478111909  0.00696972816057
  81  7.58598132762  0.00698625767318
  82  7.58675258149  0.00694350051733
  83  7.58764765994  0.00691729506141
  84  7.5871319522  0.00685414323024
  85  7.58725238405  0.00677456420222
  86  7.58681559353  0.00670985647546
  87  7.5869454167  0.0066339874873
  88  7.58610382844  0.00661176775331
  89  7.58656625917  0.00655362960766
  90  7.58676432458  0.00648380380089
  91  7.58567608128  0.00650323751169
  92  7.58554242662  0.00643392343749
  93  7.58459103192  0.00643469913676
  94  7.58351751594  0.00645517239112
  95  7.58523576094  0.0066119519551
  96  7.58515449832  0.00654357680587
  97  7.58577508628  0.00650547874184
  98  7.58575730355  0.00643912061022
  99  7.5851730565  0.00640052963752
  100  7.58547660968  0.00634371845332
